t,r11,r12,r13,r21,r22,r23,r31,r32,r33
1708857503929122,1.32724e-11,-1,3.67321e-06,-3.61332e-06,-3.67321e-06,-1,1,0,-3.61332e-06
1708857503939279,-1.19869e-07,-1,3.67321e-06,-3.67321e-06,-3.6732e-06,-1,1,-1.19882e-07,-3.67321e-06
1708857503949470,7.19424e-08,-1,3.67321e-06,-3.37355e-06,-3.67321e-06,-1,1,7.193e-08,-3.37355e-06
1708857503959255,1.34925e-11,-1,3.67321e-06,-3.67321e-06,-3.67321e-06,-1,1,2.22045e-16,-3.67321e-06
1708857503969319,1.34925e-11,-1,3.67321e-06,-3.67321e-06,-3.67321e-06,-1,1,2.22045e-16,-3.67321e-06
1708857503979183,-1.79756e-07,-1,3.67321e-06,-3.43355e-06,-3.6732e-06,-1,1,-1.79769e-07,-3.43355e-06
1708857503989233,1.91824e-07,-1,3.67321e-06,-3.31367e-06,-3.67321e-06,-1,1,1.91812e-07,-3.31367e-06
1708857503999431,-1.79792e-07,-1,3.67321e-06,6.2668e-06,-3.67321e-06,-1,1,-1.79769e-07,6.2668e-06
1708857504009196,-2.99673e-07,-1,3.67321e-06,5.96726e-06,-3.67321e-06,-1,1,-2.99651e-07,5.96726e-06
1708857504019368,1.20226e-08,-1,3.67321e-06,5.54783e-06,-3.67321e-06,-1,1,1.2043e-08,5.54783e-06
1708857504029101,-1.19901e-07,-1,3.67321e-06,5.30817e-06,-3.67321e-06,-1,1,-1.19882e-07,5.30817e-06
1708857504039110,-1.19938e-07,-1,3.67321e-06,1.51883e-05,-3.67321e-06,-1,1,-1.19882e-07,1.51883e-05
1708857504049298,-2.99849e-07,-1,3.67321e-06,5.387e-05,-3.67322e-06,-1,1,-2.99651e-07,5.387e-05
1708857504059260,-1.20332e-07,-1,3.67321e-06,0.000122612,-3.67322e-06,-1,1,-1.19882e-07,0.000122612
1708857504069240,-1.80576e-07,-1,3.67321e-06,0.000219616,-3.67324e-06,-1,1,-1.79769e-07,0.000219616
1708857504079486,-2.88937e-07,-1,3.67321e-06,0.000355841,-3.67331e-06,-1,1,-2.8763e-07,0.000355841
1708857504089101,-4.09431e-07,-1,3.67321e-06,0.000522305,-3.67342e-06,-1,1,-4.07512e-07,0.000522305
1708857504099256,-4.10159e-07,-1,3.67321e-06,0.000720747,-3.6735e-06,-1,1,-4.07512e-07,0.000720747
1708857504109218,-5.66669e-07,-1,3.67321e-06,0.000939489,-3.67374e-06,-1,1,-5.63218e-07,0.000939489
1708857504119321,-3.76011e-07,-1,3.6732e-06,0.00120613,-3.67366e-06,-0.999999,0.999999,-3.71581e-07,0.00120613
1708857504129470,-1.9751e-07,-1,3.6732e-06,0.0015511,-3.67351e-06,-0.999999,0.999999,-1.91812e-07,0.0015511
1708857504139136,-1.26994e-07,-1,3.6732e-06,0.00193631,-3.67344e-06,-0.999998,0.999998,-1.19882e-07,0.00193631
1708857504149178,-1.88417e-07,-1,3.67319e-06,0.00235427,-3.67363e-06,-0.999997,0.999997,-1.79769e-07,0.00235427
1708857504159464,-1.89791e-07,-1,3.67319e-06,0.00272847,-3.6737e-06,-0.999996,0.999996,-1.79768e-07,0.00272847
1708857504169156,-1.14498e-08,-1,3.67319e-06,0.00311711,-3.67321e-06,-0.999995,0.999995,0,0.00311711
1708857504179303,-3.12368e-07,-1,3.67318e-06,0.00346209,-3.67424e-06,-0.999994,0.999994,-2.99649e-07,0.00346209
1708857504189100,-2.05803e-07,-1,3.67318e-06,0.003815,-3.67394e-06,-0.999993,0.999993,-1.91789e-07,0.003815
1708857504199067,2.71906e-07,-1,3.67317e-06,0.00428078,-3.67197e-06,-0.999991,0.999991,2.87627e-07,0.00428078
1708857504209188,2.81936e-07,-1,3.67316e-06,0.00482878,-3.67176e-06,-0.999988,0.999988,2.9967e-07,0.00482878
1708857504218979,3.63229e-07,-1,3.67315e-06,0.00550479,-3.67109e-06,-0.999985,0.999985,3.83443e-07,0.00550479
1708857504229369,1.80552e-07,-1,3.67313e-06,0.00629638,-3.67192e-06,-0.99998,0.99998,2.03676e-07,0.00629638
1708857504239038,2.37091e-07,-1,3.67311e-06,0.00720797,-3.67131e-06,-0.999974,0.999974,2.6356e-07,0.00720797
1708857504249160,1.37454e-07,-1,3.67308e-06,0.00824741,-3.67182e-06,-0.999966,0.999966,1.67742e-07,0.00824741
1708857504259349,3.49088e-07,-1,3.67305e-06,0.00935446,-3.66962e-06,-0.999956,0.999956,3.83432e-07,0.00935446
1708857504269474,1.29145e-07,-1,3.673e-06,0.0105093,-3.67144e-06,-0.999945,0.999945,1.67739e-07,0.0105093
1708857504279436,3.40419e-07,-1,3.67295e-06,0.0117145,-3.66871e-06,-0.999931,0.999931,3.83423e-07,0.0117145
1708857504288976,-1.5555e-07,-1,3.6729e-06,0.012989,-3.67461e-06,-0.999916,0.999916,-1.0783e-07,0.012989
1708857504299284,-5.26966e-08,-1,3.67283e-06,0.0143462,-3.67321e-06,-0.999897,0.999897,-2.77556e-16,0.0143462
1708857504309519,1.81843e-07,-1,3.67275e-06,0.0157392,-3.66943e-06,-0.999876,0.999876,2.39626e-07,0.0157392
1708857504319057,-7.47718e-08,-1,3.67267e-06,0.0170834,-3.67341e-06,-0.999854,0.999854,-1.20192e-08,0.0170834
1708857504329187,3.159e-07,-1,3.67259e-06,0.0183897,-3.66615e-06,-0.999831,0.999831,3.83384e-07,0.0183897
1708857504339218,9.48271e-08,-1,3.67248e-06,0.0198521,-3.66987e-06,-0.999803,0.999803,1.67715e-07,0.0198521
1708857504349022,3.76825e-07,-1,3.67236e-06,0.0213856,-3.66347e-06,-0.999771,0.999771,4.55275e-07,0.0213856
1708857504359195,8.28932e-08,-1,3.67223e-06,0.023101,-3.66933e-06,-0.999733,0.999733,1.67703e-07,0.023101
1708857504369323,7.63099e-08,-1,3.67207e-06,0.0248933,-3.66903e-06,-0.99969,0.99969,1.67696e-07,0.0248933
1708857504379509,5.48866e-07,-1,3.67189e-06,0.0267679,-3.65589e-06,-0.999642,0.999642,6.46958e-07,0.0267679
1708857504389216,4.45624e-07,-1,3.67169e-06,0.0287413,-3.65737e-06,-0.999587,0.999587,5.50969e-07,0.0287413
1708857504399365,1.86495e-07,-1,3.67147e-06,0.0308117,-3.66398e-06,-0.999525,0.999525,2.99531e-07,0.0308117
1708857504409207,2.38408e-07,-1,3.67121e-06,0.0329827,-3.66135e-06,-0.999456,0.999456,3.59364e-07,0.0329827
1708857504419035,6.25557e-08,-1,3.67093e-06,0.035189,-3.66646e-06,-0.999381,0.999381,1.91693e-07,0.035189
1708857504429089,1.62323e-07,-1,3.67064e-06,0.0373924,-3.662e-06,-0.999301,0.999301,2.99463e-07,0.0373924
1708857504439233,-1.45444e-07,-1,3.67032e-06,0.039596,-3.67321e-06,-0.999216,0.999216,-2.22045e-16,0.039596
1708857504449336,5.00527e-08,-1,3.66999e-06,0.0418238,-3.66469e-06,-0.999125,0.999125,2.03502e-07,0.0418238
1708857504458978,4.11631e-08,-1,3.66961e-06,0.0442439,-3.66419e-06,-0.999021,0.999021,2.03481e-07,0.0442439
1708857504469118,2.11466e-07,-1,3.66918e-06,0.046821,-3.65525e-06,-0.998903,0.998903,3.83029e-07,0.046821
1708857504479036,2.97457e-07,-1,3.6687e-06,0.0495439,-3.64946e-06,-0.998772,0.998772,4.78853e-07,0.0495439
1708857504489322,3.82763e-07,-1,3.66816e-06,0.052406,-3.64306e-06,-0.998626,0.998626,5.74471e-07,0.052406
1708857504499108,5.39724e-07,-1,3.66758e-06,0.0553427,-3.63209e-06,-0.998467,0.998467,7.4187e-07,0.0553427
1708857504509277,6.48728e-07,-1,3.66696e-06,0.0583041,-3.6229e-06,-0.998299,0.998299,8.61423e-07,0.0583041
1708857504519483,2.30004e-07,-1,3.66629e-06,0.0613565,-3.64527e-06,-0.998116,0.998116,4.54521e-07,0.0613565
1708857504529048,-4.51377e-08,-1,3.66556e-06,0.0645076,-3.66083e-06,-0.997917,0.997917,1.91413e-07,0.0645076
1708857504539217,3.89904e-08,-1,3.66478e-06,0.0676901,-3.65374e-06,-0.997706,0.997706,2.86971e-07,0.0676901
1708857504549528,1.23026e-07,-1,3.66397e-06,0.070898,-3.64603e-06,-0.997484,0.997484,3.82484e-07,0.070898
1708857504559367,3.03198e-07,-1,3.66312e-06,0.074067,-3.6306e-06,-0.997253,0.997253,5.73681e-07,0.074067
1708857504569187,1.59868e-08,-1,3.66224e-06,0.0772313,-3.65006e-06,-0.997013,0.997013,2.98778e-07,0.0772313
1708857504579322,1.5979e-07,-1,3.6613e-06,0.0804716,-3.63657e-06,-0.996757,0.996757,4.53903e-07,0.0804716
1708857504589292,4.70843e-07,-1,3.66027e-06,0.083877,-3.60788e-06,-0.996476,0.996476,7.76196e-07,0.083877
1708857504598989,6.28898e-08,-1,3.65919e-06,0.0872696,-3.63975e-06,-0.996185,0.996185,3.81986e-07,0.0872696
1708857504609381,-3.33528e-07,-1,3.65803e-06,0.0908003,-3.67321e-06,-0.995869,0.995869,-5.55112e-17,0.0908003
1708857504619246,-4.66786e-07,-1,3.65679e-06,0.0944418,-3.68453e-06,-0.99553,0.99553,-1.19346e-07,0.0944418
1708857504628942,-7.27753e-08,-1,3.65548e-06,0.0981174,-3.64498e-06,-0.995175,0.995175,2.86242e-07,0.0981174
1708857504639044,-3.74642e-07,-1,3.65405e-06,0.101993,-3.67321e-06,-0.994785,0.994785,-1.11022e-16,0.101993
1708857504649122,-1.97492e-07,-1,3.65252e-06,0.105985,-3.65288e-06,-0.994368,0.994368,1.90732e-07,0.105985
1708857504659395,1.70942e-07,-1,3.65089e-06,0.110073,-3.60989e-06,-0.993924,0.993924,5.71766e-07,0.110073
1708857504669162,-5.39717e-07,-1,3.64913e-06,0.114297,-3.68691e-06,-0.993447,0.993447,-1.19096e-07,0.114297
1708857504679347,-1.35719e-07,-1,3.64731e-06,0.118532,-3.63768e-06,-0.99295,0.99295,2.9756e-07,0.118532
1708857504689024,-4.51628e-07,-1,3.64534e-06,0.122952,-3.67321e-06,-0.992413,0.992413,5.55112e-17,0.122952
1708857504699195,-4.55892e-07,-1,3.64328e-06,0.127392,-3.67167e-06,-0.991853,0.991853,1.19451e-08,0.127392
1708857504709418,-4.00584e-07,-1,3.64113e-06,0.131869,-3.66216e-06,-0.991267,0.991267,8.30666e-08,0.131869
1708857504718991,7.46138e-08,-1,3.63893e-06,0.136297,-3.5948e-06,-0.990668,0.990668,5.69893e-07,0.136297
1708857504729143,-5.17089e-07,-1,3.63663e-06,0.140773,-3.67321e-06,-0.990042,0.990042,-2.77556e-16,0.140773
1708857504739383,-4.26512e-07,-1,3.63413e-06,0.145479,-3.65752e-06,-0.989361,0.989361,1.06714e-07,0.145479
1708857504749036,-1.68407e-07,-1,3.63152e-06,0.150238,-3.6156e-06,-0.98865,0.98865,3.79097e-07,0.150238
1708857504759305,1.01739e-07,-1,3.62882e-06,0.154998,-3.56919e-06,-0.987915,0.987915,6.62969e-07,0.154998
1708857504769454,-1.0776e-07,-1,3.62597e-06,0.159861,-3.59657e-06,-0.98714,0.98714,4.73277e-07,0.159861
1708857504779533,-2.22332e-07,-1,3.62292e-06,0.164919,-3.60997e-06,-0.986307,0.986307,3.782e-07,0.164919
1708857504789183,-3.3688e-07,-1,3.61973e-06,0.170018,-3.62431e-06,-0.985441,0.985441,2.83443e-07,0.170018
1708857504799354,-2.59395e-07,-1,3.61652e-06,0.175009,-3.6061e-06,-0.984567,0.984567,3.77531e-07,0.175009
1708857504808995,-4.93546e-07,-1,3.61319e-06,0.180032,-3.64301e-06,-0.983661,0.983661,1.65008e-07,0.180032
1708857504819141,-4.16694e-07,-1,3.60967e-06,0.185196,-3.6244e-06,-0.982702,0.982702,2.59009e-07,0.185196
1708857504829396,-2.81916e-08,-1,3.60604e-06,0.190371,-3.54546e-06,-0.981712,0.981712,6.58808e-07,0.190371
1708857504839062,-5.2616e-07,-1,3.60235e-06,0.195462,-3.63571e-06,-0.980711,0.980711,1.88112e-07,0.195462
1708857504849218,-5.69473e-07,-1,3.59847e-06,0.200702,-3.63954e-06,-0.979652,0.979652,1.64335e-07,0.200702
1708857504859060,-1.33904e-07,-1,3.59436e-06,0.206089,-3.5448e-06,-0.978533,0.978533,6.0973e-07,0.206089
1708857504869306,1.84854e-09,-1,3.59006e-06,0.211557,-3.50841e-06,-0.977366,0.977366,7.61309e-07,0.211557
1708857504879568,-3.17807e-07,-1,3.58564e-06,0.217044,-3.56914e-06,-0.976162,0.976162,4.68013e-07,0.217044
1708857504889278,-8.18437e-07,-1,3.58087e-06,0.222813,-3.67321e-06,-0.974861,0.974861,-1.66533e-16,0.222813
1708857504899412,-6.4864e-07,-1,3.57576e-06,0.228806,-3.62932e-06,-0.973472,0.973472,1.86724e-07,0.228806
1708857504909211,-3.82624e-07,-1,3.57061e-06,0.234691,-3.56068e-06,-0.97207,0.97207,4.6605e-07,0.234691
1708857504919421,-3.21314e-07,-1,3.56512e-06,0.240807,-3.53758e-06,-0.970573,0.970573,5.46645e-07,0.240807
1708857504929472,-3.32147e-07,-1,3.55937e-06,0.247034,-3.53111e-06,-0.969007,0.969007,5.57435e-07,0.247034
1708857504939026,-7.38337e-07,-1,3.55348e-06,0.253226,-3.62463e-06,-0.967407,0.967407,1.8556e-07,0.253226
1708857504949201,-5.93283e-07,-1,3.54748e-06,0.259404,-3.57994e-06,-0.965769,0.965769,3.47254e-07,0.259404
1708857504959405,-5.92545e-07,-1,3.54118e-06,0.265706,-3.57133e-06,-0.964054,0.964054,3.69668e-07,0.265706
1708857504969166,-3.15471e-07,-1,3.53487e-06,0.271859,-3.4875e-06,-0.962337,0.962337,6.57395e-07,0.271859
1708857504979234,-7.21807e-07,-1,3.52832e-06,0.27809,-3.58988e-06,-0.960555,0.960555,2.87855e-07,0.27809
1708857504989389,-5.89557e-07,-1,3.52145e-06,0.284475,-3.54367e-06,-0.958683,0.958683,4.36568e-07,0.284475
1708857504999208,-9.00399e-07,-1,3.51447e-06,0.290794,-3.62443e-06,-0.956786,0.956786,1.60499e-07,0.290794
1708857505009011,-1.09152e-06,-1,3.50728e-06,0.297157,-3.67321e-06,-0.954828,0.954828,3.33067e-16,0.297157
1708857505019125,-9.23547e-07,-1,3.49978e-06,0.303647,-3.61496e-06,-0.952785,0.952785,1.82756e-07,0.303647
1708857505029236,-5.87914e-07,-1,3.49211e-06,0.310114,-3.50227e-06,-0.9507,0.9507,5.24022e-07,0.310114
1708857505039444,-7.08201e-07,-1,3.48404e-06,0.316775,-3.52896e-06,-0.948501,0.948501,4.3193e-07,0.316775
1708857505049043,-5.8958e-07,-1,3.47548e-06,0.32367,-3.47923e-06,-0.94617,0.94617,5.67065e-07,0.32367
1708857505059271,-1.47235e-07,-1,3.46686e-06,0.330449,-3.32076e-06,-0.943824,0.943824,1.00666e-06,0.330449
1708857505069377,-1.04728e-06,-1,3.4579e-06,0.337333,-3.6085e-06,-0.941385,0.941385,1.8057e-07,0.337333
1708857505079223,-1.19202e-06,-1,3.44889e-06,0.344101,-3.64846e-06,-0.938933,0.938933,6.75384e-08,0.344101
1708857505089051,-1.66047e-06,-1,3.43965e-06,0.35089,-3.80359e-06,-0.936417,0.936417,-3.47955e-07,0.35089
1708857505099204,-1.13448e-06,-1,3.43004e-06,0.357799,-3.60888e-06,-0.933799,0.933799,1.67892e-07,0.357799
1708857505109381,-1.33944e-06,-1,3.42028e-06,0.364652,-3.67321e-06,-0.931144,0.931144,2.22045e-16,0.364652
1708857505119064,-5.01832e-07,-1,3.41028e-06,0.371535,-3.35262e-06,-0.928419,0.928419,8.01127e-07,0.371535
1708857505129094,-1.22248e-06,-1,3.39996e-06,0.378479,-3.60972e-06,-0.92561,0.92561,1.55271e-07,0.378479
1708857505139114,-1.23536e-06,-1,3.38966e-06,0.385264,-3.60394e-06,-0.922806,0.922806,1.65913e-07,0.385264
1708857505149394,-1.9321e-06,-1,3.3789e-06,0.392201,-3.86596e-06,-0.91988,0.91988,-4.52088e-07,0.392201
1708857505159077,-1.46602e-06,-1,3.36797e-06,0.399111,-3.67321e-06,-0.916902,0.916902,2.77556e-16,0.399111
1708857505169402,-1.47946e-06,-1,3.35676e-06,0.40605,-3.66832e-06,-0.913851,0.913851,1.1006e-08,0.40605
1708857505178937,-1.5178e-06,-1,3.34495e-06,0.413208,-3.67321e-06,-0.910637,0.910637,-2.22045e-16,0.413208
1708857505189046,-8.72678e-07,-1,3.33306e-06,0.420275,-3.39117e-06,-0.907397,0.907397,6.08936e-07,0.420275
1708857505199039,-6.11378e-07,-1,3.32076e-06,0.427443,-3.26343e-06,-0.904042,0.904042,8.66723e-07,0.427443
1708857505209268,-1.1168e-06,-1,3.30825e-06,0.434563,-3.46486e-06,-0.900641,0.900641,4.31808e-07,0.434563
1708857505219159,-2.02927e-06,-1,3.2958e-06,0.44151,-3.85312e-06,-0.897256,0.897256,-3.65645e-07,0.44151
1708857505229212,-1.35998e-06,-1,3.28297e-06,0.448548,-3.5442e-06,-0.893759,0.893759,2.57075e-07,0.448548
1708857505239413,-1.56456e-06,-1,3.27039e-06,0.455302,-3.6241e-06,-0.890337,0.890337,9.60347e-08,0.455302
1708857505248984,-1.68554e-06,-1,3.2574e-06,0.462154,-3.66764e-06,-0.8868,0.8868,1.0682e-08,0.462154
1708857505259185,-7.16032e-07,-1,3.24417e-06,0.469007,-3.20106e-06,-0.883194,0.883194,8.89146e-07,0.469007
1708857505269322,-1.67553e-06,-1,3.23092e-06,0.475731,-3.63899e-06,-0.879591,0.879591,6.32694e-08,0.475731
1708857505279554,-1.97667e-06,-1,3.21697e-06,0.482683,-3.77151e-06,-0.875795,0.875795,-1.78385e-07,0.482683
1708857505289194,-1.41433e-06,-1,3.20319e-06,0.489431,-3.48554e-06,-0.872042,0.872042,3.34385e-07,0.489431
1708857505299055,-1.34298e-06,-1,3.18925e-06,0.496139,-3.43535e-06,-0.868243,0.868243,4.1628e-07,0.496139
1708857505309238,-1.58343e-06,-1,3.17507e-06,0.50283,-3.54068e-06,-0.864385,0.864385,2.27829e-07,0.50283
1708857505318935,-1.48743e-06,-1,3.16106e-06,0.509332,-3.47791e-06,-0.86057,0.86057,3.29988e-07,0.509332
1708857505329130,-2.65028e-06,-1,3.14649e-06,0.515966,-4.06276e-06,-0.856609,0.856609,-6.46773e-07,0.515966
1708857505339209,-2.02701e-06,-1,3.13197e-06,0.522478,-3.72955e-06,-0.852653,0.852653,-9.19481e-08,0.522478
1708857505349493,-1.54769e-06,-1,3.11714e-06,0.529015,-3.46399e-06,-0.848612,0.848612,3.35626e-07,0.529015
1708857505359025,-8.17225e-07,-1,3.10171e-06,0.535703,-3.05689e-06,-0.844407,0.844407,9.71522e-07,0.535703
1708857505369179,-1.22505e-06,-1,3.08609e-06,0.542339,-3.2572e-06,-0.84016,0.84016,6.44467e-07,0.542339
1708857505379383,-2.13696e-06,-1,3.06983e-06,0.549132,-3.73904e-06,-0.835736,0.835736,-1.0019e-07,0.549132
1708857505389126,-2.16154e-06,-1,3.05353e-06,0.555824,-3.73984e-06,-0.8313,0.8313,-9.96579e-08,0.555824
1708857505399407,-2.05417e-06,-1,3.03698e-06,0.562508,-3.66644e-06,-0.826792,0.826792,9.96047e-09,0.562508
1708857505408959,-2.09085e-06,-1,3.02006e-06,0.569217,-3.67321e-06,-0.822187,0.822187,-3.88578e-16,0.569217
1708857505419246,-2.49809e-06,-1,3.00345e-06,0.575692,-3.89395e-06,-0.817666,0.817666,-3.13536e-07,0.575692
1708857505429408,-2.54604e-06,-1,2.98649e-06,0.582197,-3.91045e-06,-0.813048,0.813048,-3.31331e-07,0.582197
1708857505439083,-1.96983e-06,-1,2.96981e-06,0.588488,-3.56033e-06,-0.808506,0.808506,1.55081e-07,0.588488
1708857505449361,-1.80127e-06,-1,2.95287e-06,0.594773,-3.44515e-06,-0.803894,0.803894,3.08257e-07,0.594773
1708857505459148,-2.38742e-06,-1,2.93576e-06,0.601015,-3.78125e-06,-0.799238,0.799238,-1.43678e-07,0.601015
1708857505469348,-2.61353e-06,-1,2.91877e-06,0.60712,-3.90601e-06,-0.79461,0.79461,-3.04692e-07,0.60712
1708857505479011,-2.25282e-06,-1,2.90125e-06,0.613311,-3.67321e-06,-0.789841,0.789841,1.66533e-16,0.613311
1708857505489195,-1.98758e-06,-1,2.88372e-06,0.619408,-3.49504e-06,-0.78507,0.78507,2.25808e-07,0.619408
1708857505499004,-1.84232e-06,-1,2.86584e-06,0.625531,-3.38836e-06,-0.780199,0.780199,3.5529e-07,0.625531
1708857505509173,-2.26024e-06,-1,2.84761e-06,0.631671,-3.6353e-06,-0.775237,0.775237,4.65297e-08,0.631671
1708857505519360,-3.00155e-06,-1,2.82947e-06,0.637683,-4.09357e-06,-0.770299,0.770299,-5.07788e-07,0.637683
1708857505529466,-3.22745e-06,-1,2.81093e-06,0.643733,-4.22868e-06,-0.76525,0.76525,-6.60323e-07,0.643733
1708857505539373,-2.37455e-06,-1,2.79223e-06,0.649732,-3.66538e-06,-0.760164,0.760164,9.15246e-09,0.649732
1708857505549077,-1.83359e-06,-1,2.77307e-06,0.655789,-3.29596e-06,-0.754944,0.754944,4.34291e-07,0.655789
1708857505559130,-2.61083e-06,-1,2.75362e-06,0.661835,-3.79218e-06,-0.749649,0.749649,-1.34764e-07,0.661835
1708857505569001,-3.59094e-06,-1,2.73457e-06,0.667662,-4.43333e-06,-0.744464,0.744464,-8.47555e-07,0.667662
1708857505579254,-3.07303e-06,-1,2.71537e-06,0.673447,-4.07682e-06,-0.739236,0.739236,-4.43041e-07,0.673447
1708857505589352,-2.29071e-06,-1,2.69638e-06,0.679076,-3.53489e-06,-0.734068,0.734068,1.49514e-07,0.679076
1708857505599424,-2.21581e-06,-1,2.67671e-06,0.684821,-3.46798e-06,-0.728711,0.728711,2.18377e-07,0.684821
1708857505609146,-2.15305e-06,-1,2.6568e-06,0.690542,-3.40842e-06,-0.723292,0.723292,2.77346e-07,0.690542
1708857505618979,-3.22817e-06,-1,2.637e-06,0.696148,-4.14038e-06,-0.717898,0.717898,-4.8176e-07,0.696148
1708857505629152,-3.9202e-06,-1,2.61653e-06,0.70185,-4.61521e-06,-0.712325,0.712325,-9.56046e-07,0.70185
1708857505639342,-2.59847e-06,-1,2.59622e-06,0.707413,-3.67321e-06,-0.7068,0.7068,5.55112e-17,0.707413
1708857505649454,-1.92396e-06,-1,2.57542e-06,0.713028,-3.17755e-06,-0.701135,0.701135,4.87394e-07,0.713028
1708857505659107,-2.16014e-06,-1,2.55442e-06,0.718605,-3.32868e-06,-0.695419,0.695419,3.3342e-07,0.718605
1708857505669289,-3.70216e-06,-1,2.53368e-06,0.724027,-4.42812e-06,-0.689772,0.689772,-7.19195e-07,0.724027
1708857505679146,-4.11784e-06,-1,2.51231e-06,0.729522,-4.72236e-06,-0.683957,0.683957,-9.83639e-07,0.729522
1708857505689295,-2.24371e-06,-1,2.49145e-06,0.734805,-3.33859e-06,-0.678278,0.678278,3.08874e-07,0.734805
1708857505699106,-2.07103e-06,-1,2.47058e-06,0.740013,-3.19429e-06,-0.672592,0.672592,4.35306e-07,0.740013
1708857505709277,-2.49757e-06,-1,2.44949e-06,0.745188,-3.49462e-06,-0.666854,0.666854,1.59816e-07,0.745188
1708857505718998,-4.48171e-06,-1,2.42842e-06,0.750279,-4.96801e-06,-0.661122,0.661122,-1.14096e-06,0.750279
1708857505729409,-3.47001e-06,-1,2.40678e-06,0.755434,-4.19834e-06,-0.655225,0.655225,-4.55473e-07,0.755434
1708857505739051,-2.78128e-06,-1,2.38532e-06,0.76046,-3.66405e-06,-0.649385,0.649385,7.81872e-09,0.76046
1708857505749244,-2.42841e-06,-1,2.36345e-06,0.765506,-3.37967e-06,-0.643429,0.643429,2.46725e-07,0.765506
1708857505759438,-2.63854e-06,-1,2.34127e-06,0.770539,-3.52541e-06,-0.637392,0.637392,1.2226e-07,0.770539
1708857505769304,-4.31056e-06,-1,2.31911e-06,0.775486,-4.80698e-06,-0.631364,0.631364,-9.23101e-07,0.775486
1708857505779277,-3.34611e-06,-1,2.29666e-06,0.780426,-4.04737e-06,-0.625248,0.625248,-2.99772e-07,0.780426
1708857505789413,-2.30916e-06,-1,2.27433e-06,0.785259,-3.22148e-06,-0.619167,0.619167,3.56181e-07,0.785259
1708857505799418,-2.32687e-06,-1,2.2517e-06,0.79008,-3.21871e-06,-0.613004,0.613004,3.52647e-07,0.79008
1708857505809029,-2.90775e-06,-1,2.22873e-06,0.79489,-3.66363e-06,-0.606754,0.606754,7.30727e-09,0.79489
1708857505819269,-3.90808e-06,-1,2.20557e-06,0.799664,-4.44948e-06,-0.600448,0.600448,-5.82884e-07,0.799664
1708857505829452,-3.72226e-06,-1,2.18159e-06,0.804525,-4.29033e-06,-0.593919,0.593919,-4.5558e-07,0.804525
1708857505839015,-2.80485e-06,-1,2.1578e-06,0.809265,-3.53745e-06,-0.587444,0.587444,9.85414e-08,0.809265
1708857505849197,-2.63028e-06,-1,2.13385e-06,0.81396,-3.38054e-06,-0.58092,0.58092,2.08884e-07,0.81396
1708857505859405,-3.85765e-06,-1,2.10987e-06,0.818578,-4.36969e-06,-0.574396,0.574396,-4.88729e-07,0.818578
1708857505869061,-4.17378e-06,-1,2.08621e-06,0.823058,-4.62014e-06,-0.567958,0.567958,-6.53464e-07,0.823058
1708857505879276,-3.54308e-06,-1,2.06212e-06,0.827547,-4.08973e-06,-0.561396,0.561396,-2.8257e-07,0.827547
1708857505889405,-2.50468e-06,-1,2.03816e-06,0.831937,-3.21465e-06,-0.55487,0.55487,3.05847e-07,0.831937
1708857505899132,-3.05982e-06,-1,2.01398e-06,0.83629,-3.66314e-06,-0.548287,0.548287,6.60599e-09,0.83629
1708857505909375,-3.95052e-06,-1,1.98971e-06,0.840582,-4.39853e-06,-0.541684,0.541684,-4.67419e-07,0.840582
1708857505919031,-4.94854e-06,-1,1.96581e-06,0.844734,-5.23228e-06,-0.535186,0.535186,-9.87803e-07,0.844734
1708857505929154,-3.11803e-06,-1,1.94173e-06,0.848858,-3.67321e-06,-0.528621,0.528621,-5.55112e-17,0.848858
1708857505939056,-2.86934e-06,-1,1.91764e-06,0.852908,-3.44841e-06,-0.522062,0.522062,1.376e-07,0.852908
1708857505949157,-2.86022e-06,-1,1.89301e-06,0.856978,-3.42672e-06,-0.515353,0.515353,1.48239e-07,0.856978
1708857505959477,-3.34227e-06,-1,1.86843e-06,0.860964,-3.82798e-06,-0.508666,0.508666,-9.14423e-08,0.860964
1708857505969121,-5.28609e-06,-1,1.84388e-06,0.864874,-5.49741e-06,-0.50199,0.50199,-1.05884e-06,0.864874
1708857505979460,-3.38298e-06,-1,1.81902e-06,0.868771,-3.83985e-06,-0.495215,0.495215,-9.49893e-08,0.868771
1708857505989087,-2.5341e-06,-1,1.79423e-06,0.872584,-3.08763e-06,-0.488464,0.488464,3.27799e-07,0.872584
1708857505999223,-3.3991e-06,-1,1.76871e-06,0.876436,-3.83076e-06,-0.481518,0.481518,-8.65619e-08,0.876436
1708857506009388,-3.90416e-06,-1,1.74343e-06,0.88018,-4.26387e-06,-0.47464,0.47464,-3.18538e-07,0.88018
1708857506019109,-5.53555e-06,-1,1.71819e-06,0.883848,-5.69631e-06,-0.467774,0.467774,-1.07077e-06,0.883848
1708857506029354,-4.01514e-06,-1,1.69236e-06,0.887539,-4.34332e-06,-0.460732,0.460732,-3.47873e-07,0.887539
1708857506039013,-2.80585e-06,-1,1.66678e-06,0.89112,-3.25668e-06,-0.453768,0.453768,2.12101e-07,0.89112
1708857506049161,-3.66973e-06,-1,1.64096e-06,0.894663,-4.01626e-06,-0.446741,0.446741,-1.71312e-07,0.894663
1708857506059437,-5.02472e-06,-1,1.61537e-06,0.898108,-5.22314e-06,-0.439774,0.439774,-7.58967e-07,0.898108
1708857506068971,-5.31293e-06,-1,1.58931e-06,0.901547,-5.47752e-06,-0.432682,0.432682,-8.65977e-07,0.901547
1708857506079392,-3.79151e-06,-1,1.56291e-06,0.904962,-4.09618e-06,-0.425492,0.425492,-1.9888e-07,0.904962
1708857506089044,-2.74895e-06,-1,1.53683e-06,0.908268,-3.13978e-06,-0.418388,0.418388,2.45723e-07,0.908268
1708857506099132,-3.63615e-06,-1,1.5099e-06,0.911608,-3.93541e-06,-0.411062,0.411062,-1.18242e-07,0.911608
1708857506109336,-3.93565e-06,-1,1.48331e-06,0.914839,-4.19947e-06,-0.403819,0.403819,-2.32305e-07,0.914839
1708857506119384,-4.90589e-06,-1,1.45695e-06,0.917977,-5.08137e-06,-0.396633,0.396633,-6.08387e-07,0.917977
1708857506129217,-4.05443e-06,-1,1.43018e-06,0.92109,-4.29134e-06,-0.38935,0.38935,-2.61268e-07,0.92109
1708857506139209,-3.09469e-06,-1,1.40382e-06,0.924087,-3.39628e-06,-0.382183,0.382183,1.14515e-07,0.924087
1708857506149338,-3.40531e-06,-1,1.37707e-06,0.927067,-3.67321e-06,-0.374897,0.374897,-2.77556e-17,0.927067
1708857506159021,-4.65026e-06,-1,1.35047e-06,0.929968,-4.82109e-06,-0.36764,0.36764,-4.53724e-07,0.929968
1708857506169106,-5.15214e-06,-1,1.3239e-06,0.932799,-5.28304e-06,-0.360398,0.360398,-6.21889e-07,0.932799
1708857506179311,-3.9997e-06,-1,1.29733e-06,0.935554,-4.20013e-06,-0.353184,0.353184,-1.98903e-07,0.935554
1708857506189518,-4.00951e-06,-1,1.27104e-06,0.938226,-4.20164e-06,-0.346023,0.346023,-1.94868e-07,0.938226
1708857506199004,-4.4148e-06,-1,1.24418e-06,0.940892,-4.57526e-06,-0.338707,0.338707,-3.24686e-07,0.940892
1708857506209258,-3.94503e-06,-1,1.21746e-06,0.943478,-4.12556e-06,-0.331434,0.331434,-1.58875e-07,0.943478
1708857506219338,-4.74539e-06,-1,1.19042e-06,0.946036,-4.87507e-06,-0.324062,0.324062,-4.11619e-07,0.946036
1708857506229395,-4.04744e-06,-1,1.16305e-06,0.948551,-4.20745e-06,-0.316623,0.316623,-1.78304e-07,0.948551
1708857506239474,-4.15242e-06,-1,1.1358e-06,0.950996,-4.30012e-06,-0.309202,0.309202,-2.03795e-07,0.950996
1708857506249128,-3.02263e-06,-1,1.1081e-06,0.95341,-3.21609e-06,-0.301677,0.301677,1.44611e-07,0.95341
1708857506259163,-4.64929e-06,-1,1.08018e-06,0.955789,-4.76137e-06,-0.294055,0.294055,-3.34721e-07,0.955789
1708857506269009,-5.82036e-06,-1,1.05219e-06,0.958106,-5.87788e-06,-0.286415,0.286415,-6.5893e-07,0.958106
1708857506279230,-4.34262e-06,-1,1.02352e-06,0.960399,-4.45582e-06,-0.278629,0.278629,-2.26996e-07,0.960399
1708857506289477,-3.82348e-06,-1,9.95093e-07,0.962607,-3.95008e-06,-0.270902,0.270902,-7.79046e-08,0.962607
1708857506299082,-4.98199e-06,-1,9.66283e-07,0.964783,-5.06072e-06,-0.263049,0.263049,-3.78254e-07,0.964783
1708857506309263,-4.61799e-06,-1,9.38055e-07,0.966845,-4.70443e-06,-0.255365,0.255365,-2.72318e-07,0.966845
1708857506319414,-5.17663e-06,-1,9.09933e-07,0.96883,-5.24069e-06,-0.247726,0.247726,-4.00816e-07,0.96883
1708857506329509,-4.42867e-06,-1,8.81799e-07,0.970755,-4.51085e-06,-0.240071,0.240071,-2.07185e-07,0.970755
1708857506339173,-3.57248e-06,-1,8.54287e-07,0.972579,-3.67321e-06,-0.232573,0.232573,-6.93889e-17,0.972579
1708857506349397,-4.92114e-06,-1,8.26602e-07,0.974347,-4.98092e-06,-0.225052,0.225052,-3.02112e-07,0.974347
1708857506358920,-5.13118e-06,-1,7.9932e-07,0.976033,-5.18215e-06,-0.217623,0.217623,-3.36502e-07,0.976033
1708857506369150,-4.6457e-06,-1,7.71904e-07,0.977668,-4.70417e-06,-0.210157,0.210157,-2.21663e-07,0.977668
1708857506379348,-4.67564e-06,-1,7.44057e-07,0.979267,-4.72942e-06,-0.202575,0.202575,-2.18538e-07,0.979267
1708857506389055,-3.98611e-06,-1,7.16415e-07,0.980795,-4.04929e-06,-0.195042,0.195042,-7.48015e-08,0.980795
1708857506399172,-4.47105e-06,-1,6.88159e-07,0.982291,-4.52081e-06,-0.18736,0.18736,-1.61723e-07,0.982291
1708857506409291,-4.94373e-06,-1,6.59853e-07,0.98373,-4.98184e-06,-0.179652,0.179652,-2.39033e-07,0.98373
1708857506418968,-4.88894e-06,-1,6.31307e-07,0.985118,-4.92469e-06,-0.171881,0.171881,-2.18403e-07,0.985118
1708857506429113,-5.3732e-06,-1,6.01978e-07,0.986475,-5.3992e-06,-0.16391,0.16391,-2.86887e-07,0.986475
1708857506439268,-4.49101e-06,-1,5.73717e-07,0.987726,-4.5255e-06,-0.156199,0.156199,-1.34818e-07,0.987726
1708857506449281,-5.0946e-06,-1,5.44812e-07,0.988935,-5.11906e-06,-0.148346,0.148346,-2.16981e-07,0.988935
1708857506459427,-5.15865e-06,-1,5.16341e-07,0.990067,-5.18e-06,-0.140594,0.140594,-2.14064e-07,0.990067
1708857506468978,-4.99481e-06,-1,4.88169e-07,0.991127,-5.01538e-06,-0.132919,0.132919,-1.80071e-07,0.991127
1708857506479206,-4.80678e-06,-1,4.59148e-07,0.992155,-4.82647e-06,-0.125017,0.125017,-1.45385e-07,0.992155
1708857506489384,-4.03131e-06,-1,4.30769e-07,0.993099,-4.05401e-06,-0.117276,0.117276,-4.49812e-08,0.993099
1708857506498969,-4.80163e-06,-1,4.02248e-07,0.993984,-4.8168e-06,-0.109524,0.109524,-1.26066e-07,0.993984
1708857506509059,-4.99626e-06,-1,3.74132e-07,0.994798,-5.00838e-06,-0.101864,0.101864,-1.36751e-07,0.994798
1708857506519184,-5.47852e-06,-1,3.45497e-07,0.995566,-5.48672e-06,-0.0940704,0.0940704,-1.71402e-07,0.995566
1708857506529274,-5.00171e-06,-1,3.16392e-07,0.996282,-5.01037e-06,-0.086147,0.086147,-1.15666e-07,0.996282
1708857506539309,-4.6447e-06,-1,2.87667e-07,0.996928,-4.65296e-06,-0.0783173,0.0783173,-7.69773e-08,0.996928
1708857506549494,-5.18605e-06,-1,2.58069e-07,0.997528,-5.19137e-06,-0.0702698,0.0702698,-1.06992e-07,0.997528
1708857506559260,-4.52896e-06,-1,2.28879e-07,0.998056,-4.53442e-06,-0.0623172,0.0623172,-5.37979e-08,0.998056
1708857506569427,-5.51342e-06,-1,2.00009e-07,0.998517,-5.51613e-06,-0.0544494,0.0544494,-1.0049e-07,0.998517
1708857506579232,-5.38298e-06,-1,1.70625e-07,0.998921,-5.38509e-06,-0.0464523,0.0464523,-7.96107e-08,0.998921
1708857506589445,-4.43754e-06,-1,1.41838e-07,0.999254,-4.43971e-06,-0.0386118,0.0386118,-2.96096e-08,0.999254
1708857506599018,-4.55843e-06,-1,1.12817e-07,0.999528,-4.55974e-06,-0.0307107,0.0307107,-2.72291e-08,0.999528
1708857506609105,-5.39803e-06,-1,8.37259e-08,0.99974,-5.39854e-06,-0.022785,0.022785,-3.929e-08,0.99974
1708857506619382,-5.39857e-06,-1,5.5192e-08,0.999887,-5.39879e-06,-0.0150147,0.0150147,-2.58722e-08,0.999887
1708857506629013,-4.79957e-06,-1,2.65074e-08,0.999974,-4.79963e-06,-0.00720971,0.00720971,-8.09671e-09,0.999974
1708857506639367,-4.82372e-06,-1,-1.9553e-09,1,-4.82372e-06,0.000541567,-0.000541567,6.57072e-10,1
1708857506649002,-4.44015e-06,-1,-3.07254e-08,0.999965,-4.44025e-06,0.00836801,-0.00836801,6.43086e-09,0.999965
1708857506659270,-4.52358e-06,-1,-5.9234e-08,0.99987,-4.52394e-06,0.0161326,-0.0161326,1.37508e-08,0.99987
1708857506669316,-6.06902e-06,-1,-8.76876e-08,0.999715,-6.06938e-06,0.0238937,-0.0238937,5.73489e-08,0.999715
1708857506679497,-5.02556e-06,-1,-1.16326e-07,0.999498,-5.02673e-06,0.0316803,-0.0316803,4.2944e-08,0.999498
1708857506689107,-4.65313e-06,-1,-1.44584e-07,0.999225,-4.65521e-06,0.0393701,-0.0393701,3.87226e-08,0.999225
1708857506699192,-4.6519e-06,-1,-1.72952e-07,0.998891,-4.65489e-06,0.0470885,-0.0470885,4.62913e-08,0.998891
1708857506709419,-4.33876e-06,-1,-2.01285e-07,0.998497,-4.34328e-06,0.0548013,-0.0548013,3.67879e-08,0.998497
1708857506719035,-5.18796e-06,-1,-2.29395e-07,0.998048,-5.19216e-06,0.0624589,-0.0624589,9.50879e-08,0.998048
1708857506729437,-5.77336e-06,-1,-2.58e-07,0.99753,-5.77722e-06,0.0702476,-0.0702476,1.48202e-07,0.99753
1708857506739215,-4.74062e-06,-1,-2.86307e-07,0.996957,-4.74851e-06,0.0779534,-0.0779534,8.41113e-08,0.996957
1708857506749370,-4.13914e-06,-1,-3.14766e-07,0.996321,-4.15088e-06,0.0856947,-0.0856947,4.10939e-08,0.996321
1708857506759045,-4.71166e-06,-1,-3.43258e-07,0.995623,-4.72312e-06,0.0934578,-0.0934578,9.85855e-08,0.995623
1708857506769112,-4.70885e-06,-1,-3.71953e-07,0.994859,-4.72231e-06,0.101272,-0.101272,1.06835e-07,0.994859
1708857506779328,-4.99334e-06,-1,-4.01583e-07,0.994005,-5.00732e-06,0.109336,-0.109336,1.46775e-07,0.994005
1708857506788945,-4.89417e-06,-1,-4.3094e-07,0.993093,-4.91093e-06,0.117332,-0.117332,1.46278e-07,0.993093
1708857506799039,-4.42331e-06,-1,-4.60518e-07,0.992109,-4.44615e-06,0.125375,-0.125375,9.76877e-08,0.992109
1708857506809153,-4.10775e-06,-1,-4.90172e-07,0.991056,-4.13642e-06,0.133446,-0.133446,6.23754e-08,0.991056
1708857506819380,-5.55372e-06,-1,-5.19349e-07,0.989952,-5.57135e-06,0.141401,-0.141401,2.71173e-07,0.989952
1708857506829077,-5.30976e-06,-1,-5.4868e-07,0.98878,-5.33214e-06,0.149376,-0.149376,2.50627e-07,0.98878
1708857506839232,-4.13094e-06,-1,-5.76958e-07,0.987587,-4.17029e-06,0.157073,-0.157073,7.90641e-08,0.987587
1708857506849263,-4.22235e-06,-1,-6.05104e-07,0.986338,-4.26434e-06,0.164733,-0.164733,9.87238e-08,0.986338
1708857506859428,-4.48111e-06,-1,-6.33176e-07,0.985031,-4.52318e-06,0.172376,-0.172376,1.48737e-07,0.985031
1708857506869288,-5.81834e-06,-1,-6.60744e-07,0.983688,-5.84228e-06,0.179885,-0.179885,3.96668e-07,0.983688
1708857506879194,-5.83719e-06,-1,-6.88641e-07,0.982269,-5.86279e-06,0.187477,-0.187477,4.17908e-07,0.982269
1708857506889341,-4.84906e-06,-1,-7.16116e-07,0.980811,-4.89563e-06,0.194961,-0.194961,2.43003e-07,0.980811
1708857506899059,-3.59712e-06,-1,-7.43768e-07,0.979285,-3.67321e-06,0.202485,-0.202485,5.55112e-17,0.979285
1708857506909252,-3.71113e-06,-1,-7.71623e-07,0.977687,-3.79041e-06,0.210068,-0.210068,2.51834e-08,0.977687
1708857506919127,-5.22706e-06,-1,-7.98992e-07,0.976056,-5.2757e-06,0.21752,-0.21752,3.57132e-07,0.976056
1708857506929244,-5.98784e-06,-1,-8.26791e-07,0.974338,-6.02029e-06,0.22509,-0.22509,5.42232e-07,0.974338
1708857506939396,-5.38196e-06,-1,-8.5458e-07,0.972558,-5.4331e-06,0.232662,-0.232662,4.21052e-07,0.972558
1708857506949445,-3.74528e-06,-1,-8.82939e-07,0.970681,-3.8477e-06,0.240373,-0.240373,4.32116e-08,0.970681
1708857506959234,-3.85793e-06,-1,-9.11646e-07,0.968712,-3.96348e-06,0.248188,-0.248188,7.43698e-08,0.968712
1708857506969416,-4.78525e-06,-1,-9.39778e-07,0.966717,-4.86642e-06,0.255849,-0.255849,3.15803e-07,0.966717
1708857506979093,-6.3235e-06,-1,-9.68647e-07,0.964604,-6.35511e-06,0.263702,-0.263702,7.33161e-07,0.964604
1708857506989229,-4.87743e-06,-1,-9.97129e-07,0.962449,-4.96496e-06,0.271463,-0.271463,3.64357e-07,0.962449
1708857506998912,-4.56976e-06,-1,-1.02568e-06,0.960224,-4.67439e-06,0.279232,-0.279232,2.91138e-07,0.960224
1708857507009141,-4.6694e-06,-1,-1.05353e-06,0.957987,-4.77539e-06,0.28681,-0.28681,3.29966e-07,0.957987
1708857507019290,-5.81161e-06,-1,-1.08091e-06,0.955725,-5.87237e-06,0.294261,-0.294261,6.77082e-07,0.955725
1708857507029339,-5.51539e-06,-1,-1.10844e-06,0.953386,-5.59277e-06,0.301754,-0.301754,6.07521e-07,0.953386
1708857507039001,-3.87667e-06,-1,-1.1357e-06,0.951002,-4.03787e-06,0.309186,-0.309186,1.18555e-07,0.951002
1708857507049056,-3.60403e-06,-1,-1.16325e-06,0.948531,-3.78692e-06,0.316685,-0.316685,3.79648e-08,0.948531
1708857507059387,-3.7745e-06,-1,-1.19074e-06,0.945999,-3.95667e-06,0.324169,-0.324169,9.71375e-08,0.945999
1708857507069463,-6.42551e-06,-1,-1.21791e-06,0.943435,-6.46586e-06,0.331558,-0.331558,9.81414e-07,0.943435
1708857507079080,-6.31994e-06,-1,-1.24531e-06,0.94078,-6.36785e-06,0.339019,-0.339019,9.7101e-07,0.94078
1708857507089386,-4.11683e-06,-1,-1.2725e-06,0.938077,-4.30273e-06,0.346427,-0.346427,2.32478e-07,0.938077
1708857507099361,-3.81889e-06,-1,-1.30008e-06,0.935271,-4.03184e-06,0.353933,-0.353933,1.35706e-07,0.935271
1708857507109070,-4.65924e-06,-1,-1.32751e-06,0.932411,-4.82409e-06,0.361399,-0.361399,4.46054e-07,0.932411
1708857507119159,-5.90724e-06,-1,-1.35401e-06,0.929585,-5.99038e-06,0.368609,-0.368609,9.18787e-07,0.929585
1708857507129241,-5.4173e-06,-1,-1.38061e-06,0.926681,-5.53901e-06,0.375848,-0.375848,7.56695e-07,0.926681
1708857507139283,-3.99253e-06,-1,-1.40663e-06,0.923773,-4.22685e-06,0.382941,-0.382941,2.29499e-07,0.923773
1708857507149465,-3.95746e-06,-1,-1.43291e-06,0.920775,-4.2029e-06,0.390094,-0.390094,2.24388e-07,0.920775
1708857507159112,-4.52145e-06,-1,-1.45922e-06,0.917709,-4.72906e-06,0.397253,-0.397253,4.57015e-07,0.917709
1708857507169269,-6.16387e-06,-1,-1.48537e-06,0.914596,-6.23809e-06,0.404368,-0.404368,1.13396e-06,0.914596
1708857507179403,-5.45695e-06,-1,-1.51173e-06,0.911389,-5.59555e-06,0.411547,-0.411547,8.68016e-07,0.911389
1708857507189081,-4.89391e-06,-1,-1.53767e-06,0.908165,-5.08816e-06,0.418613,-0.418613,6.52201e-07,0.908165
1708857507199262,-3.92307e-06,-1,-1.56371e-06,0.904862,-4.21552e-06,0.425704,-0.425704,2.5512e-07,0.904862
1708857507209307,-4.77322e-06,-1,-1.59019e-06,0.90144,-4.99117e-06,0.432904,-0.432904,6.32883e-07,0.90144
1708857507219129,-6.10292e-06,-1,-1.61625e-06,0.898004,-6.19158e-06,0.439988,-0.439988,1.23382e-06,0.898004
1708857507229450,-5.29904e-06,-1,-1.64232e-06,0.894487,-5.4742e-06,0.447095,-0.447095,9.00141e-07,0.894487
1708857507239109,-4.35123e-06,-1,-1.66802e-06,0.89095,-4.63418e-06,0.454101,-0.454101,4.89774e-07,0.89095
1708857507249228,-4.60163e-06,-1,-1.69366e-06,0.887363,-4.86421e-06,0.461072,-0.461072,6.1879e-07,0.887363
1708857507259025,-4.9958e-06,-1,-1.71907e-06,0.883733,-5.21947e-06,0.467992,-0.467992,8.18796e-07,0.883733
1708857507269249,-5.62955e-06,-1,-1.74423e-06,0.880072,-5.78264e-06,0.474839,-0.474839,1.13808e-06,0.880072
1708857507279469,-5.12412e-06,-1,-1.77014e-06,0.87623,-5.34292e-06,0.481894,-0.481894,9.18234e-07,0.87623
1708857507289032,-3.87553e-06,-1,-1.79554e-06,0.872386,-4.25865e-06,0.488818,-0.488818,3.28028e-07,0.872386
1708857507299367,-4.52027e-06,-1,-1.82115e-06,0.868447,-4.82851e-06,0.495782,-0.495782,6.59497e-07,0.868447
1708857507309398,-4.43367e-06,-1,-1.84665e-06,0.864447,-4.76103e-06,0.502724,-0.502724,6.32583e-07,0.864447
1708857507319286,-6.02468e-06,-1,-1.872e-06,0.860398,-6.13763e-06,0.509623,-0.509623,1.45965e-06,0.860398
1708857507329235,-4.87078e-06,-1,-1.89779e-06,0.856202,-5.15085e-06,0.516642,-0.516642,8.91558e-07,0.856202
1708857507339327,-3.81302e-06,-1,-1.92252e-06,0.852095,-4.25528e-06,0.523387,-0.523387,3.57517e-07,0.852095
1708857507349480,-4.16928e-06,-1,-1.94704e-06,0.847965,-4.56744e-06,0.530053,-0.530053,5.58913e-07,0.847965
1708857507359140,-4.8253e-06,-1,-1.97122e-06,0.84382,-5.12949e-06,0.536627,-0.536627,9.26038e-07,0.84382
1708857507369333,-5.48132e-06,-1,-1.99474e-06,0.839718,-5.68595e-06,0.543022,-0.543022,1.30146e-06,0.839718
1708857507379089,-4.603e-06,-1,-2.01836e-06,0.835517,-4.9549e-06,0.549464,-0.549464,8.42808e-07,0.835517
1708857507389162,-4.01243e-06,-1,-2.04142e-06,0.83135,-4.47025e-06,0.555749,-0.555749,5.32772e-07,0.83135
1708857507399371,-3.99669e-06,-1,-2.06481e-06,0.827065,-4.46616e-06,0.562107,-0.562107,5.38836e-07,0.827065
1708857507409043,-4.28022e-06,-1,-2.08834e-06,0.822677,-4.70848e-06,0.568509,-0.568509,7.15312e-07,0.822677
1708857507419224,-5.97795e-06,-1,-2.11154e-06,0.818313,-6.10549e-06,0.574772,-0.574772,1.70806e-06,0.818313
1708857507429389,-5.00235e-06,-1,-2.13541e-06,0.813713,-5.31172e-06,0.581266,-0.581266,1.17008e-06,0.813713
1708857507439221,-4.21829e-06,-1,-2.15892e-06,0.809089,-4.68174e-06,0.587686,-0.587686,7.32266e-07,0.809089
1708857507449424,-3.91317e-06,-1,-2.18284e-06,0.804327,-4.44448e-06,0.594187,-0.594187,5.69438e-07,0.804327
1708857507459051,-3.79952e-06,-1,-2.2068e-06,0.799473,-4.36324e-06,0.600702,-0.600702,5.18103e-07,0.799473
1708857507469204,-5.69929e-06,-1,-2.23066e-06,0.794667,-5.88314e-06,0.607045,-0.607045,1.6871e-06,0.794667
1708857507479202,-4.71033e-06,-1,-2.25393e-06,0.789711,-5.10253e-06,0.613479,-0.613479,1.10974e-06,0.789711
1708857507489377,-3.35054e-06,-1,-2.27603e-06,0.78491,-4.04012e-06,0.619609,-0.619609,2.89546e-07,0.78491
1708857507499224,-4.32746e-06,-1,-2.29853e-06,0.780086,-4.81392e-06,0.625672,-0.625672,9.14514e-07,0.780086
1708857507509396,-5.00452e-06,-1,-2.3208e-06,0.775193,-5.34557e-06,0.631725,-0.631725,1.36241e-06,0.775193
1708857507519008,-5.32223e-06,-1,-2.34249e-06,0.770321,-5.59353e-06,0.637656,-0.637656,1.58928e-06,0.770321
1708857507529238,-4.44059e-06,-1,-2.36483e-06,0.765217,-4.92042e-06,0.643773,-0.643773,1.04912e-06,0.765217
1708857507539380,-3.94297e-06,-1,-2.38628e-06,0.760222,-4.54782e-06,0.649663,-0.649663,7.47496e-07,0.760222
1708857507548978,-4.58342e-06,-1,-2.40774e-06,0.755161,-5.03959e-06,0.655539,-0.655539,1.18638e-06,0.755161
1708857507559493,-4.67263e-06,-1,-2.42897e-06,0.750083,-5.11124e-06,0.661344,-0.661344,1.26828e-06,0.750083
1708857507568998,-5.15732e-06,-1,-2.44997e-06,0.744961,-5.47639e-06,0.667108,-0.667108,1.61535e-06,0.744961
1708857507579308,-4.65839e-06,-1,-2.47168e-06,0.739656,-5.10901e-06,0.672985,-0.672985,1.30683e-06,0.739656
1708857507589046,-4.13573e-06,-1,-2.49281e-06,0.734393,-4.72918e-06,0.678725,-0.678725,9.76321e-07,0.734393
1708857507599244,-3.64862e-06,-1,-2.51403e-06,0.729027,-4.38075e-06,0.684485,-0.684485,6.6463e-07,0.729027
1708857507609494,-3.99994e-06,-1,-2.53522e-06,0.723558,-4.64415e-06,0.690264,-0.690264,9.26635e-07,0.723558
1708857507619221,-4.67553e-06,-1,-2.55543e-06,0.718235,-5.13619e-06,0.6958,-0.6958,1.41784e-06,0.718235
1708857507628981,-4.9192e-06,-1,-2.57589e-06,0.712773,-5.31299e-06,0.701395,-0.701395,1.61428e-06,0.712773
1708857507639285,-4.03661e-06,-1,-2.59593e-06,0.707409,-4.69035e-06,0.706804,-0.706804,1.01671e-06,0.707409
1708857507648997,-4.13631e-06,-1,-2.61601e-06,0.701916,-4.76662e-06,0.71226,-0.71226,1.10991e-06,0.701916
1708857507659301,-3.82812e-06,-1,-2.63616e-06,0.696317,-4.55764e-06,0.717735,-0.717735,9.1197e-07,0.696317
