t,r11,r12,r13,r21,r22,r23,r31,r32,r33
1708857848429390,1.91548e-07,-1,3.67321e-06,7.17607e-05,-3.67319e-06,-1,1,1.91812e-07,7.17607e-05
1708857848439064,2.39367e-07,-1,3.67321e-06,7.86516e-05,-3.67319e-06,-1,1,2.39656e-07,7.86516e-05
1708857848449302,-3.05876e-10,-1,3.67321e-06,8.32722e-05,-3.67321e-06,-1,1,3.88578e-16,8.32722e-05
1708857848458986,1.9141e-07,-1,3.67321e-06,0.000109331,-3.67318e-06,-1,1,1.91812e-07,0.000109331
1708857848469274,1.19461e-07,-1,3.67321e-06,0.000114605,-3.67319e-06,-1,1,1.19882e-07,0.000114605
1708857848479374,1.19463e-07,-1,3.67321e-06,0.000113945,-3.67319e-06,-1,1,1.19882e-07,0.000113945
1708857848489077,1.16304e-08,-1,3.67321e-06,0.000112328,-3.6732e-06,-1,1,1.2043e-08,0.000112328
1708857848499279,-1.80168e-07,-1,3.67321e-06,0.000108552,-3.67322e-06,-1,1,-1.79769e-07,0.000108552
1708857848509346,-3.75625e-10,-1,3.67321e-06,0.000102261,-3.67321e-06,-1,1,-5.55112e-16,0.000102261
1708857848519131,-3.30503e-10,-1,3.67321e-06,8.99766e-05,-3.67321e-06,-1,1,-1.66533e-16,8.99766e-05
1708857848529231,-2.42683e-10,-1,3.67321e-06,6.60682e-05,-3.67321e-06,-1,1,-5.55112e-17,6.60682e-05
1708857848539437,-1.94651e-10,-1,3.67321e-06,5.29917e-05,-3.67321e-06,-1,1,-8.88178e-16,5.29917e-05
1708857848549101,-1.20068e-07,-1,3.67321e-06,5.0701e-05,-3.67321e-06,-1,1,-1.19882e-07,5.0701e-05
1708857848559255,-2.86036e-10,-1,3.67321e-06,7.7871e-05,-3.67321e-06,-1,1,-1.11022e-16,7.7871e-05
1708857848568965,1.91342e-07,-1,3.67321e-06,0.000127917,-3.67318e-06,-1,1,1.91812e-07,0.000127917
1708857848579052,7.11153e-08,-1,3.6732e-06,0.000221799,-3.67319e-06,-1,1,7.193e-08,0.000221799
1708857848589130,-1.33133e-09,-1,3.6732e-06,0.000362444,-3.67321e-06,-1,1,-2.22045e-16,0.000362444
1708857848598958,-2.06749e-09,-1,3.6732e-06,0.000562857,-3.67321e-06,-1,1,-4.44089e-16,0.000562857
1708857848609020,1.88809e-07,-1,3.6732e-06,0.00081765,-3.67305e-06,-1,1,1.91812e-07,0.00081765
1708857848619243,-4.07261e-09,-1,3.6732e-06,0.00110874,-3.67321e-06,-0.999999,0.999999,-4.44089e-16,0.00110874
1708857848629360,-1.25099e-07,-1,3.6732e-06,0.00142036,-3.67338e-06,-0.999999,0.999999,-1.19882e-07,0.00142036
1708857848639075,1.13376e-07,-1,3.6732e-06,0.00177121,-3.67299e-06,-0.999998,0.999998,1.19882e-07,0.00177121
1708857848649291,-7.83173e-09,-1,3.6732e-06,0.00213212,-3.67321e-06,-0.999998,0.999998,-1.11022e-16,0.00213212
1708857848659051,-9.21375e-09,-1,3.67319e-06,0.00250837,-3.67321e-06,-0.999997,0.999997,2.22045e-16,0.00250837
1708857848669158,6.12854e-08,-1,3.67319e-06,0.00289791,-3.673e-06,-0.999996,0.999996,7.19297e-08,0.00289791
1708857848679238,1.7967e-07,-1,3.67319e-06,0.00330553,-3.67257e-06,-0.999995,0.999995,1.91811e-07,0.00330553
1708857848689367,5.80018e-08,-1,3.67318e-06,0.00379184,-3.67293e-06,-0.999993,0.999993,7.19295e-08,0.00379184
1708857848699152,1.75878e-07,-1,3.67317e-06,0.00433783,-3.67237e-06,-0.999991,0.999991,1.9181e-07,0.00433783
1708857848709346,2.21368e-07,-1,3.67316e-06,0.00497879,-3.67201e-06,-0.999988,0.999988,2.39653e-07,0.00497879
1708857848718954,-2.00696e-07,-1,3.67315e-06,0.00569717,-3.67423e-06,-0.999984,0.999984,-1.79766e-07,0.00569717
1708857848729128,1.67943e-07,-1,3.67313e-06,0.00649824,-3.67196e-06,-0.999979,0.999979,1.91808e-07,0.00649824
1708857848738986,-2.71119e-08,-1,3.67311e-06,0.00738098,-3.67321e-06,-0.999973,0.999973,5.55112e-17,0.00738098
1708857848749066,-3.06447e-08,-1,3.67308e-06,0.00834276,-3.67321e-06,-0.999965,0.999965,1.66533e-16,0.00834276
1708857848759153,-3.42821e-08,-1,3.67305e-06,0.00933302,-3.67321e-06,-0.999956,0.999956,1.66533e-16,0.00933302
1708857848769371,-2.17962e-07,-1,3.67301e-06,0.0103978,-3.67507e-06,-0.999946,0.999946,-1.79759e-07,0.0103978
1708857848779027,-1.6205e-07,-1,3.67296e-06,0.01148,-3.67458e-06,-0.999934,0.999934,-1.19874e-07,0.01148
1708857848789198,2.5727e-08,-1,3.67291e-06,0.0125784,-3.6723e-06,-0.999921,0.999921,7.19243e-08,0.0125784
1708857848799260,-3.84196e-08,-1,3.67286e-06,0.013738,-3.67304e-06,-0.999906,0.999906,1.20419e-08,0.013738
1708857848809234,-5.50109e-08,-1,3.67279e-06,0.0149763,-3.67321e-06,-0.999888,0.999888,0,0.0149763
1708857848819445,1.20384e-08,-1,3.67272e-06,0.016305,-3.67203e-06,-0.999867,0.999867,7.19204e-08,0.016305
1708857848828977,-6.50484e-08,-1,3.67263e-06,0.0177089,-3.67321e-06,-0.999843,0.999843,-4.44089e-16,0.0177089
1708857848839147,-1.9049e-07,-1,3.67253e-06,0.0192224,-3.67551e-06,-0.999815,0.999815,-1.1986e-07,0.0192224
1708857848849357,1.15269e-07,-1,3.67241e-06,0.0208383,-3.66921e-06,-0.999783,0.999783,1.9177e-07,0.0208383
1708857848858928,-8.2716e-08,-1,3.67227e-06,0.0225188,-3.67321e-06,-0.999746,0.999746,2.22045e-16,0.0225188
1708857848869171,-8.92677e-08,-1,3.67212e-06,0.0243024,-3.67321e-06,-0.999705,0.999705,2.22045e-16,0.0243024
1708857848879369,1.43535e-07,-1,3.67195e-06,0.0261681,-3.66693e-06,-0.999658,0.999658,2.39574e-07,0.0261681
1708857848889135,-2.23014e-07,-1,3.67176e-06,0.0280767,-3.67657e-06,-0.999606,0.999606,-1.19835e-07,0.0280767
1708857848899301,-1.10312e-07,-1,3.67155e-06,0.0300315,-3.67321e-06,-0.999549,0.999549,2.22045e-16,0.0300315
1708857848909188,-1.17718e-07,-1,3.67132e-06,0.0320479,-3.67321e-06,-0.999486,0.999486,-3.33067e-16,0.0320479
1708857848919385,-1.25427e-07,-1,3.67106e-06,0.0341464,-3.67321e-06,-0.999417,0.999417,2.77556e-16,0.0341464
1708857848929018,-3.13299e-07,-1,3.67078e-06,0.0363524,-3.67974e-06,-0.999339,0.999339,-1.7965e-07,0.0363524
1708857848939188,-2.61904e-07,-1,3.67046e-06,0.0386643,-3.67784e-06,-0.999252,0.999252,-1.19792e-07,0.0386643
1708857848949418,-1.38903e-07,-1,3.6701e-06,0.0410937,-3.67271e-06,-0.999155,0.999155,1.20328e-08,0.0410937
1708857848959065,-8.83962e-08,-1,3.6697e-06,0.0436475,-3.67007e-06,-0.999047,0.999047,7.18615e-08,0.0436475
1708857848968959,-1.70083e-07,-1,3.66927e-06,0.0463036,-3.67321e-06,-0.998927,0.998927,1.11022e-16,0.0463036
1708857848979286,-1.80068e-07,-1,3.66879e-06,0.0490221,-3.67321e-06,-0.998798,0.998798,-3.88578e-16,0.0490221
1708857848989015,-1.90144e-07,-1,3.66828e-06,0.0517651,-3.67321e-06,-0.998659,0.998659,-1.11022e-16,0.0517651
1708857848999294,-2.00212e-07,-1,3.66774e-06,0.054506,-3.67321e-06,-0.998513,0.998513,-3.88578e-16,0.054506
1708857849009457,-1.98234e-07,-1,3.66718e-06,0.0572461,-3.67252e-06,-0.99836,0.99836,1.20233e-08,0.0572461
1708857849018970,-1.48731e-07,-1,3.66657e-06,0.060073,-3.66888e-06,-0.998194,0.998194,7.18001e-08,0.060073
1708857849029179,-1.59558e-07,-1,3.6659e-06,0.0630206,-3.66867e-06,-0.998012,0.998012,7.1787e-08,0.0630206
1708857849039251,-1.70931e-07,-1,3.66517e-06,0.0661168,-3.66845e-06,-0.997812,0.997812,7.17726e-08,0.0661168
1708857849049360,-6.28335e-08,-1,3.66437e-06,0.0693252,-3.65991e-06,-0.997594,0.997594,1.91351e-07,0.0693252
1708857849059200,-2.66733e-07,-1,3.66351e-06,0.0726158,-3.67321e-06,-0.99736,0.99736,-2.77556e-16,0.0726158
1708857849069329,-9.90957e-08,-1,3.6626e-06,0.0759186,-3.65956e-06,-0.997114,0.997114,1.7925e-07,0.0759186
1708857849079447,-4.10916e-07,-1,3.66166e-06,0.0792316,-3.6827e-06,-0.996856,0.996856,-1.19505e-07,0.0792316
1708857849088981,-3.03504e-07,-1,3.66064e-06,0.0826264,-3.67321e-06,-0.996581,0.996581,-3.33067e-16,0.0826264
1708857849099351,-3.16429e-07,-1,3.65955e-06,0.0861453,-3.67321e-06,-0.996283,0.996283,-3.88578e-16,0.0861453
1708857849109201,-4.49454e-07,-1,3.65839e-06,0.0897233,-3.68396e-06,-0.995967,0.995967,-1.19398e-07,0.0897233
1708857849119264,-4.62865e-07,-1,3.65716e-06,0.0933744,-3.6844e-06,-0.995631,0.995631,-1.19358e-07,0.0933744
1708857849129518,-1.16939e-07,-1,3.65585e-06,0.0970801,-3.64994e-06,-0.995277,0.995277,2.38524e-07,0.0970801
1708857849139320,-6.10223e-07,-1,3.65447e-06,0.100884,-3.69738e-06,-0.994898,0.994898,-2.38433e-07,0.100884
1708857849149086,-1.45481e-07,-1,3.65296e-06,0.10485,-3.64808e-06,-0.994488,0.994488,2.38335e-07,0.10485
1708857849159259,-5.19927e-07,-1,3.65136e-06,0.108909,-3.68626e-06,-0.994052,0.994052,-1.19169e-07,0.108909
1708857849169483,-5.34902e-07,-1,3.64968e-06,0.112986,-3.68675e-06,-0.993597,0.993597,-1.19114e-07,0.112986
1708857849179082,-4.30019e-07,-1,3.64795e-06,0.117069,-3.67321e-06,-0.993124,0.993124,2.77556e-16,0.117069
1708857849189339,-2.0568e-07,-1,3.64611e-06,0.121239,-3.64415e-06,-0.992623,0.992623,2.37888e-07,0.121239
1708857849199419,-5.81249e-07,-1,3.64412e-06,0.125604,-3.68826e-06,-0.992081,0.992081,-1.18933e-07,0.125604
1708857849209506,-4.77516e-07,-1,3.64203e-06,0.13,-3.67321e-06,-0.991514,0.991514,-1.11022e-16,0.13
1708857849219187,-4.21823e-07,-1,3.63987e-06,0.13442,-3.66354e-06,-0.990924,0.990924,7.12772e-08,0.13442
1708857849229325,-3.18348e-07,-1,3.63761e-06,0.138887,-3.64657e-06,-0.990308,0.990308,1.89953e-07,0.138887
1708857849239315,-4.07383e-07,-1,3.63517e-06,0.143544,-3.656e-06,-0.989644,0.989644,1.18641e-07,0.143544
1708857849249524,-3.53147e-07,-1,3.63256e-06,0.148361,-3.64475e-06,-0.988933,0.988933,1.89689e-07,0.148361
1708857849259175,-6.69967e-07,-1,3.62995e-06,0.153035,-3.68972e-06,-0.988221,0.988221,-1.06567e-07,0.153035
1708857849269345,1.89115e-06,-1,3.62709e-06,0.157257,-3.28456e-06,-0.987558,0.987558,2.438e-06,0.157257
1708857849279043,-4.03793e-07,-1,3.62459e-06,0.162149,-3.6421e-06,-0.986766,0.986766,1.89272e-07,0.162149
1708857849289202,-2.54674e-07,-1,3.62148e-06,0.16722,-3.61307e-06,-0.98592,0.98592,3.54496e-07,0.16722
1708857849299361,9.00816e-07,-1,3.61821e-06,0.172371,-3.40878e-06,-0.985032,0.985032,1.51101e-06,0.172371
1708857849308992,2.15474e-06,-1,-6.22613e-06,0.177674,6.50991e-06,-0.984089,0.984089,1.01424e-06,0.177674
1708857849319159,1.32728e-06,-1,-6.21962e-06,0.183273,6.35753e-06,-0.983062,0.983062,1.64909e-07,0.183273
1708857849329370,1.45906e-06,-1,-6.2128e-06,0.188957,6.37658e-06,-0.981985,0.981985,2.58823e-07,0.188957
1708857849338984,1.81746e-06,-1,-6.20601e-06,0.194436,6.44095e-06,-0.980915,0.980915,5.76102e-07,0.194436
1708857849349359,-1.58986e-07,-1,3.59911e-06,0.199893,-3.55825e-06,-0.979818,0.979818,5.63658e-07,0.199893
1708857849359438,-3.71362e-07,-1,3.59484e-06,0.205491,-3.59443e-06,-0.978659,0.978659,3.75271e-07,0.205491
1708857849368999,-8.21511e-09,-1,3.5905e-06,0.211066,-3.51135e-06,-0.977472,0.977472,7.49802e-07,0.211066
1708857849379170,2.1138e-07,-1,3.58611e-06,0.216527,-3.45527e-06,-0.976277,0.976277,9.82856e-07,0.216527
1708857849389419,2.07643e-06,-1,-6.16869e-06,0.222127,6.47581e-06,-0.975018,0.975018,6.54324e-07,0.222127
1708857849398995,2.20864e-06,-1,-6.16032e-06,0.227852,6.50152e-06,-0.973696,0.973696,7.46907e-07,0.227852
1708857849409020,-1.14576e-07,-1,3.57175e-06,0.23347,-3.49979e-06,-0.972364,0.972364,7.22488e-07,0.23347
1708857849419035,-4.95101e-07,-1,3.56662e-06,0.239178,-3.58152e-06,-0.970976,0.970976,3.72326e-07,0.239178
1708857849429359,-1.33178e-07,-1,3.56123e-06,0.245086,-3.48526e-06,-0.969501,0.969501,7.4369e-07,0.245086
1708857849438986,-1.78838e-07,-1,3.5557e-06,0.250965,-3.48679e-06,-0.967996,0.967996,7.19243e-07,0.250965
1708857849449044,-5.59951e-07,-1,3.55002e-06,0.256833,-3.57475e-06,-0.966456,0.966456,3.70593e-07,0.256833
1708857849459273,-5.82247e-07,-1,3.54402e-06,0.262903,-3.57242e-06,-0.964822,0.964822,3.69967e-07,0.262903
1708857849468968,-3.16924e-07,-1,3.53788e-06,0.268976,-3.49274e-06,-0.963147,0.963147,6.46359e-07,0.268976
1708857849479055,-4.34995e-07,-1,3.53158e-06,0.275034,-3.51502e-06,-0.961435,0.961435,5.53086e-07,0.275034
1708857849489187,-7.45904e-07,-1,3.52482e-06,0.281371,-3.59229e-06,-0.959599,0.959599,2.76015e-07,0.281371
1708857849499442,-5.06079e-07,-1,3.5178e-06,0.287835,-3.51459e-06,-0.95768,0.95768,5.27882e-07,0.287835
1708857849509052,-5.05601e-07,-1,3.51061e-06,0.294256,-3.50396e-06,-0.955727,0.955727,5.49801e-07,0.294256
1708857849519484,-4.3426e-07,-1,3.50298e-06,0.30092,-3.4713e-06,-0.95365,0.95365,6.39985e-07,0.30092
1708857849529144,-3.62817e-07,-1,3.49514e-06,0.307603,-3.43728e-06,-0.951515,0.951515,7.2989e-07,0.307603
1708857849539449,-3.87428e-07,-1,3.48709e-06,0.314303,-3.43214e-06,-0.949323,0.949323,7.28209e-07,0.314303
1708857849549049,1.14528e-07,-1,3.47867e-06,0.321152,-3.25762e-06,-0.947028,0.947028,1.22564e-06,0.321152
1708857849559264,-8.20993e-07,-1,3.47013e-06,0.3279,-3.54748e-06,-0.944713,0.944713,3.62252e-07,0.3279
1708857849569392,-7.8917e-08,-1,3.46137e-06,0.334704,-3.28815e-06,-0.942323,0.942323,1.08417e-06,0.334704
1708857849578980,-6.07951e-07,-1,3.45213e-06,0.341702,-3.45208e-06,-0.939808,0.939808,6.0824e-07,0.341702
1708857849589178,-6.33289e-07,-1,3.44279e-06,0.3486,-3.44759e-06,-0.937272,0.937272,6.06592e-07,0.3486
1708857849599322,-9.22745e-07,-1,3.43311e-06,0.355601,-3.53685e-06,-0.934638,0.934638,3.58385e-07,0.355601
1708857849609044,-7.68613e-07,-1,3.42325e-06,0.36258,-3.46899e-06,-0.931953,0.931953,5.24891e-07,0.36258
1708857849619015,-1.06953e-06,-1,3.41328e-06,0.369475,-3.56693e-06,-0.929241,0.929241,2.67274e-07,0.369475
1708857849629263,-6.87927e-07,-1,3.40286e-06,0.376529,-3.41145e-06,-0.926405,0.926405,6.43979e-07,0.376529
1708857849639471,-1.14497e-06,-1,3.3924e-06,0.383464,-3.57212e-06,-0.923556,0.923556,2.43414e-07,0.383464
1708857849649088,-6.67219e-07,-1,3.38158e-06,0.390474,-3.37366e-06,-0.920614,0.920614,7.06167e-07,0.390474
1708857849659273,-3.09859e-07,-1,3.37038e-06,0.397576,-3.21575e-06,-0.917569,0.917569,1.05567e-06,0.397576
1708857849669208,-3.3557e-07,-1,3.35911e-06,0.404576,-3.20768e-06,-0.914504,0.914504,1.05213e-06,0.404576
1708857849679388,-9.84991e-07,-1,3.34744e-06,0.411705,-3.45611e-06,-0.911317,0.911317,4.8052e-07,0.411705
1708857849688999,-9.62827e-07,-1,3.33564e-06,0.418732,-3.4323e-06,-0.90811,0.90811,5.22387e-07,0.418732
1708857849699279,-7.73028e-07,-1,3.32358e-06,0.425783,-3.3364e-06,-0.904825,0.904825,7.15668e-07,0.425783
1708857849709358,-7.51442e-07,-1,3.31107e-06,0.432938,-3.31e-06,-0.901424,0.901424,7.56119e-07,0.432938
1708857849718992,-2.25791e-07,-1,3.29859e-06,0.439934,-3.06156e-06,-0.89803,0.89803,1.24839e-06,0.439934
1708857849729083,-1.82181e-06,-1,3.28575e-06,0.447033,-3.75357e-06,-0.894518,0.894518,-1.60807e-07,0.447033
1708857849738902,-1.21235e-06,-1,3.27275e-06,0.454026,-3.46642e-06,-0.890989,0.890989,4.05721e-07,0.454026
1708857849749380,-9.26333e-07,-1,3.25953e-06,0.461016,-3.31954e-06,-0.887392,0.887392,6.80676e-07,0.461016
1708857849759151,-8.56309e-07,-1,3.246e-06,0.468038,-3.2693e-06,-0.883708,0.883708,7.62523e-07,0.468038
1708857849769374,-6.0588e-07,-1,3.23254e-06,0.474887,-3.13251e-06,-0.880047,0.880047,1.00189e-06,0.474887
1708857849779376,-1.94977e-06,-1,3.21862e-06,0.481868,-3.75983e-06,-0.876244,0.876244,-1.57521e-07,0.481868
1708857849789106,-7.88522e-07,-1,3.20456e-06,0.488742,-3.18113e-06,-0.872428,0.872428,8.78275e-07,0.488742
1708857849799202,-1.5569e-06,-1,3.19033e-06,0.495607,-3.54256e-06,-0.868547,0.868547,2.28911e-07,0.495607
1708857849808950,-1.36632e-06,-1,3.17576e-06,0.502493,-3.43227e-06,-0.864581,0.864581,4.14504e-07,0.502493
1708857849819069,-1.51095e-06,-1,3.16124e-06,0.509232,-3.49008e-06,-0.860629,0.860629,3.09435e-07,0.509232
1708857849829390,-1.33242e-06,-1,3.14624e-06,0.516073,-3.38253e-06,-0.856545,0.856545,4.82411e-07,0.516073
1708857849839199,-1.52482e-06,-1,3.13124e-06,0.52279,-3.46642e-06,-0.852462,0.852462,3.37126e-07,0.52279
1708857849849390,-1.36973e-06,-1,3.11598e-06,0.529508,-3.36858e-06,-0.848305,0.848305,4.87987e-07,0.529508
1708857849859029,-1.5862e-06,-1,3.10046e-06,0.53622,-3.46758e-06,-0.844078,0.844078,3.23655e-07,0.53622
1708857849869312,-2.11361e-06,-1,3.08505e-06,0.542775,-3.73827e-06,-0.839878,0.839878,-1.00686e-07,0.542775
1708857849879429,-1.53871e-06,-1,3.06911e-06,0.549425,-3.40978e-06,-0.835543,0.835543,4.0059e-07,0.549425
1708857849889214,-1.65864e-06,-1,3.05323e-06,0.555942,-3.46002e-06,-0.831221,0.831221,3.18725e-07,0.555942
1708857849899354,-1.40677e-06,-1,3.03712e-06,0.562448,-3.30243e-06,-0.826833,0.826833,5.45055e-07,0.562448
1708857849909025,-1.82624e-06,-1,3.02078e-06,0.568933,-3.52325e-06,-0.822384,0.822384,2.16752e-07,0.568933
1708857849919147,-2.233e-06,-1,3.00452e-06,0.57528,-3.74217e-06,-0.817957,0.817957,-9.80583e-08,0.57528
1708857849929168,-1.87321e-06,-1,2.98775e-06,0.58172,-3.51988e-06,-0.813389,0.813389,2.14383e-07,0.58172
1708857849939007,-2.08802e-06,-1,2.97103e-06,0.58803,-3.63091e-06,-0.808839,0.808839,5.81792e-08,0.58803
1708857849949224,-1.91958e-06,-1,2.95404e-06,0.594343,-3.51656e-06,-0.804212,0.804212,2.11966e-07,0.594343
1708857849959401,-1.24758e-06,-1,2.9368e-06,0.600643,-3.09737e-06,-0.799517,0.799517,7.66512e-07,0.600643
1708857849969447,-2.10909e-06,-1,2.91961e-06,0.606819,-3.60046e-06,-0.79484,0.79484,9.5287e-08,0.606819
1708857849979098,-2.25193e-06,-1,2.90194e-06,0.61307,-3.67321e-06,-0.790029,0.790029,0,0.61307
1708857849989288,-1.71124e-06,-1,2.88432e-06,0.619204,-3.32446e-06,-0.78523,0.78523,4.42258e-07,0.619204
1708857849999427,-1.44613e-06,-1,2.86643e-06,0.625333,-3.14116e-06,-0.780358,0.780358,6.63977e-07,0.625333
1708857850009232,-1.50447e-06,-1,2.84833e-06,0.631433,-3.15865e-06,-0.77543,0.77543,6.3192e-07,0.631433
1708857850019394,-2.34144e-06,-1,2.83021e-06,0.637439,-3.67321e-06,-0.770501,0.770501,1.11022e-16,0.637439
1708857850028950,-2.65135e-06,-1,2.81162e-06,0.643504,-3.85829e-06,-0.765443,0.765443,-2.20169e-07,0.643504
1708857850039222,-2.12209e-06,-1,2.79305e-06,0.649476,-3.50203e-06,-0.760382,0.760382,2.00416e-07,0.649476
1708857850049459,-1.6406e-06,-1,2.77411e-06,0.655468,-3.17043e-06,-0.755223,0.755223,5.79326e-07,0.655468
1708857850059178,-1.7825e-06,-1,2.75484e-06,0.661463,-3.24513e-06,-0.749977,0.749977,4.85393e-07,0.661463
1708857850069318,-2.45145e-06,-1,2.73547e-06,0.667388,-3.67321e-06,-0.74471,0.74471,2.22045e-16,0.667388
1708857850079153,-2.85681e-06,-1,2.71567e-06,0.673352,-3.93139e-06,-0.739322,0.739322,-2.835e-07,0.673352
1708857850089537,-1.91949e-06,-1,2.69606e-06,0.679176,-3.28251e-06,-0.733975,0.733975,4.22237e-07,0.679176
1708857850099324,-1.56931e-06,-1,2.67611e-06,0.685001,-3.02464e-06,-0.728542,0.728542,6.89832e-07,0.685001
1708857850109042,-1.9621e-06,-1,2.656e-06,0.690776,-3.27584e-06,-0.723068,0.723068,4.15966e-07,0.690776
1708857850119096,-3.22922e-06,-1,2.63595e-06,0.696432,-4.14055e-06,-0.717623,0.717623,-4.81596e-07,0.696432
1708857850129325,-2.57903e-06,-1,2.61554e-06,0.702119,-3.67321e-06,-0.712059,0.712059,-3.33067e-16,0.702119
1708857850139053,-1.54481e-06,-1,2.59539e-06,0.707648,-2.92699e-06,-0.706565,0.706565,7.45116e-07,0.707648
1708857850149130,-1.6728e-06,-1,2.57489e-06,0.713176,-2.99796e-06,-0.700985,0.700985,6.63742e-07,0.713176
1708857850159455,-2.25628e-06,-1,2.55428e-06,0.718644,-3.39765e-06,-0.695378,0.695378,2.66651e-07,0.718644
1708857850169038,-3.05492e-06,-1,2.53373e-06,0.724007,-3.95953e-06,-0.689793,0.689793,-2.72821e-07,0.724007
1708857850179135,-2.60741e-06,-1,2.51269e-06,0.729428,-3.62074e-06,-0.684058,0.684058,4.92087e-08,0.729428
1708857850189001,-1.64421e-06,-1,2.49187e-06,0.734709,-2.89845e-06,-0.678382,0.678382,7.15396e-07,0.734709
1708857850199084,-2.09506e-06,-1,2.47065e-06,0.739997,-3.21212e-06,-0.67261,0.67261,4.19118e-07,0.739997
1708857850209346,-2.11431e-06,-1,2.44929e-06,0.745239,-3.20885e-06,-0.666797,0.666797,4.15494e-07,0.745239
1708857850219048,-3.23574e-06,-1,2.428e-06,0.750379,-4.03296e-06,-0.661008,0.661008,-3.16927e-07,0.750379
1708857850229191,-2.5956e-06,-1,2.40619e-06,0.755572,-3.53738e-06,-0.655066,0.655066,1.17761e-07,0.755572
1708857850239407,-2.01502e-06,-1,2.38461e-06,0.760632,-3.08074e-06,-0.649183,0.649183,5.05695e-07,0.760632
1708857850249068,-2.54892e-06,-1,2.36271e-06,0.765677,-3.47141e-06,-0.643226,0.643226,1.69544e-07,0.765677
1708857850259104,-2.17161e-06,-1,2.34071e-06,0.770669,-3.16518e-06,-0.637236,0.637236,4.20084e-07,0.770669
1708857850269324,-3.32827e-06,-1,2.31874e-06,0.775569,-4.04504e-06,-0.631263,0.631263,-3.02665e-07,0.775569
1708857850279023,-3.3584e-06,-1,2.29631e-06,0.780501,-4.05679e-06,-0.625154,0.625154,-3.07245e-07,0.780501
1708857850289296,-2.02175e-06,-1,2.27406e-06,0.785321,-2.99557e-06,-0.619089,0.619089,5.34225e-07,0.785321
1708857850298992,-1.95555e-06,-1,2.25137e-06,0.790153,-2.92507e-06,-0.612909,0.612909,5.80349e-07,0.790153
1708857850309086,-2.44064e-06,-1,2.22836e-06,0.794969,-3.29207e-06,-0.60665,0.60665,2.90866e-07,0.794969
1708857850319079,-2.75771e-06,-1,2.20537e-06,0.799704,-3.52944e-06,-0.600395,0.600395,1.07932e-07,0.799704
1708857850329218,-2.95494e-06,-1,2.18192e-06,0.804457,-3.67321e-06,-0.594011,0.594011,1.66533e-16,0.804457
1708857850339357,-1.49808e-06,-1,2.1586e-06,0.809112,-2.48063e-06,-0.587655,0.587655,8.66199e-07,0.809112
1708857850348956,-2.6774e-06,-1,2.13489e-06,0.813757,-3.41957e-06,-0.581205,0.581205,1.81164e-07,0.813757
1708857850359145,-2.82621e-06,-1,2.11105e-06,0.818353,-3.52609e-06,-0.574716,0.574716,1.03316e-07,0.818353
1708857850369129,-3.51381e-06,-1,2.08731e-06,0.82285,-4.07747e-06,-0.568259,0.568259,-2.79207e-07,0.82285
1708857850379255,-3.03903e-06,-1,2.06318e-06,0.827352,-3.67321e-06,-0.561683,0.561683,0,0.827352
1708857850389215,-2.02451e-06,-1,2.03927e-06,0.83174,-2.816e-06,-0.555165,0.555165,5.72202e-07,0.83174
1708857850399295,-3.19104e-06,-1,2.01505e-06,0.836097,-3.77344e-06,-0.548582,0.548582,-6.57651e-08,0.836097
1708857850409185,-3.37458e-06,-1,1.99076e-06,0.840397,-3.91492e-06,-0.541972,0.541972,-1.55895e-07,0.840397
1708857850419496,-3.58188e-06,-1,1.96654e-06,0.844612,-4.07814e-06,-0.535378,0.535378,-2.56696e-07,0.844612
1708857850429171,-2.87825e-06,-1,1.94194e-06,0.848824,-3.46978e-06,-0.528676,0.528676,1.267e-07,0.848824
1708857850439391,-2.38995e-06,-1,1.91758e-06,0.852922,-3.03949e-06,-0.522038,0.522038,3.87906e-07,0.852922
1708857850449465,-3.25578e-06,-1,1.89288e-06,0.856996,-3.76564e-06,-0.515323,0.515323,-5.55931e-08,0.856996
1708857850459022,-3.34245e-06,-1,1.86812e-06,0.861014,-3.82799e-06,-0.508581,0.508581,-9.14271e-08,0.861014
1708857850469229,-3.47681e-06,-1,1.84342e-06,0.864949,-3.9324e-06,-0.501859,0.501859,-1.50405e-07,0.864949
1708857850479130,-3.47921e-06,-1,1.8183e-06,0.868882,-3.92312e-06,-0.49502,0.49502,-1.4239e-07,0.868882
1708857850489310,-2.1511e-06,-1,1.79343e-06,0.872708,-2.75292e-06,-0.488243,0.488243,5.1488e-07,0.872708
1708857850499383,-3.2196e-06,-1,1.76822e-06,0.87651,-3.67321e-06,-0.481384,0.481384,-5.55112e-17,0.87651
1708857850508979,-3.73668e-06,-1,1.74294e-06,0.880254,-4.11626e-06,-0.474503,0.474503,-2.38835e-07,0.880254
1708857850519143,-3.24681e-06,-1,1.71775e-06,0.883918,-3.67321e-06,-0.467643,0.467643,0,0.883918
1708857850529365,-3.06842e-06,-1,1.69214e-06,0.88757,-3.50296e-06,-0.460673,0.460673,8.8361e-08,0.88757
1708857850539320,-2.79379e-06,-1,1.66681e-06,0.891111,-3.24596e-06,-0.453785,0.453785,2.17536e-07,0.891111
1708857850548996,-3.10641e-06,-1,1.64117e-06,0.894636,-3.51238e-06,-0.446796,0.446796,8.03201e-08,0.894636
1708857850559051,-3.8742e-06,-1,1.61543e-06,0.898109,-4.18988e-06,-0.439773,0.439773,-2.52935e-07,0.898109
1708857850569178,-3.77883e-06,-1,1.58963e-06,0.901511,-4.09458e-06,-0.432757,0.432757,-2.02242e-07,0.901511
1708857850579331,-3.32389e-06,-1,1.56339e-06,0.904901,-3.67321e-06,-0.425621,0.425621,-1.66533e-16,0.904901
1708857850589101,-2.74869e-06,-1,1.5373e-06,0.908197,-3.13978e-06,-0.418543,0.418543,2.45727e-07,0.908197
1708857850599482,-3.34799e-06,-1,1.5111e-06,0.911462,-3.67321e-06,-0.411384,0.411384,5.55112e-17,0.911462
1708857850609298,-3.8392e-06,-1,1.48481e-06,0.914666,-4.11176e-06,-0.404211,0.404211,-1.93741e-07,0.914666
1708857850619055,-3.68296e-06,-1,1.45844e-06,0.917801,-3.95929e-06,-0.397042,0.397042,-1.23734e-07,0.917801
1708857850629176,-3.67035e-06,-1,1.43169e-06,0.920918,-3.9381e-06,-0.389757,0.389757,-1.12077e-07,0.920918
1708857850639357,-2.93845e-06,-1,1.40506e-06,0.923943,-3.25244e-06,-0.382531,0.382531,1.74143e-07,0.923943
1708857850648986,-3.40482e-06,-1,1.37828e-06,0.926934,-3.67321e-06,-0.375225,0.375225,-5.55112e-17,0.926934
1708857850659314,-3.79902e-06,-1,1.35145e-06,0.92986,-4.02977e-06,-0.367912,0.367912,-1.41049e-07,0.92986
1708857850669489,-3.9893e-06,-1,1.32456e-06,0.932723,-4.19854e-06,-0.360594,0.360594,-2.0307e-07,0.932723
1708857850679287,-3.91593e-06,-1,1.29733e-06,0.935555,-4.12176e-06,-0.353182,0.353182,-1.69307e-07,0.935555
1708857850688933,-3.43455e-06,-1,1.27021e-06,0.938306,-3.6619e-06,-0.345807,0.345807,4.15758e-09,0.938306
1708857850699051,-5.00979e-05,-1,1.13858e-05,0.941104,-5.0997e-05,-0.338116,0.338116,-6.22367e-06,0.941104
1708857850709321,-5.71004e-05,-1,1.10955e-05,0.944066,-5.75654e-05,-0.329757,0.329757,-8.35435e-06,0.944066
1708857850719187,-3.58846e-05,-1,7.65002e-06,0.946317,-3.6431e-05,-0.32324,0.32324,-4.36001e-06,0.946317
1708857850729292,-2.21001e-05,-1,4.33514e-06,0.948435,-2.23346e-05,-0.316972,0.316972,-2.89351e-06,0.948435
1708857850739451,-1.3241e-05,-1,4.23335e-06,0.950863,-1.3901e-05,-0.309611,0.309611,-7.42091e-08,0.950863
1708857850749170,-1.45078e-05,-1,4.13263e-06,0.953232,-1.50784e-05,-0.30224,0.30224,-4.45494e-07,0.953232
1708857850759361,-1.6266e-05,-1,4.02894e-06,0.955603,-1.6731e-05,-0.294658,0.294658,-9.4285e-07,0.955603
1708857850768969,-1.62393e-05,-1,3.9196e-06,0.958028,-1.66813e-05,-0.286675,0.286675,-9.00316e-07,0.958028
1708857850779266,-1.67145e-05,-1,3.81141e-06,0.960362,-1.71145e-05,-0.278756,0.278756,-9.98946e-07,0.960362
1708857850788978,-1.58584e-05,-1,3.70363e-06,0.962615,-1.62687e-05,-0.270874,0.270874,-7.3046e-07,0.962615
1708857850799195,-1.6464e-05,-1,3.59382e-06,0.964836,-1.68297e-05,-0.262852,0.262852,-8.60147e-07,0.964836
1708857850809364,-1.59654e-05,-1,3.48695e-06,0.966933,-1.63268e-05,-0.255029,0.255029,-6.99993e-07,0.966933
1708857850819266,-1.68679e-05,-1,3.38059e-06,0.96895,-1.718e-05,-0.247258,0.247258,-8.95093e-07,0.96895
1708857850828990,-1.6739e-05,-1,3.27329e-06,0.970919,-1.70359e-05,-0.23941,0.23941,-8.2939e-07,0.970919
1708857850839111,-1.61291e-05,-1,3.16923e-06,0.972764,-1.64244e-05,-0.231797,0.231797,-6.55751e-07,0.972764
1708857850849362,-1.65011e-05,-1,3.06466e-06,0.974555,-1.67682e-05,-0.22415,0.22415,-7.12038e-07,0.974555
1708857850859437,-1.68479e-05,-1,2.96165e-06,0.976258,-1.70895e-05,-0.216612,0.216612,-7.58134e-07,0.976258
1708857850868983,-1.66783e-05,-1,2.85968e-06,0.977882,-1.69076e-05,-0.209158,0.209158,-6.91976e-07,0.977882
1708857850879043,-1.65922e-05,-1,2.75692e-06,0.979459,-1.68073e-05,-0.201643,0.201643,-6.45404e-07,0.979459
1708857850889090,-1.63009e-05,-1,2.656e-06,0.98095,-1.65063e-05,-0.19426,0.19426,-5.61216e-07,0.98095
1708857850899300,-1.67881e-05,-1,2.55388e-06,0.9824,-1.69697e-05,-0.186792,0.186792,-6.26955e-07,0.9824
1708857850909346,-1.67472e-05,-1,2.45197e-06,0.983788,-1.69154e-05,-0.179336,0.179336,-5.91164e-07,0.983788
1708857850919114,-7.10585e-06,-1,6.31215e-07,0.985116,-7.10859e-06,-0.17189,0.17189,-5.99605e-07,0.985116
1708857850929310,2.94513e-06,-1,-1.0397e-06,0.986409,3.07593e-06,-0.164307,0.164307,-5.41664e-07,0.986409
1708857850939422,3.04871e-06,-1,-9.91996e-07,0.987635,3.16652e-06,-0.15677,0.15677,-5.01786e-07,0.987635
1708857850949479,3.28392e-06,-1,-9.43674e-07,0.988817,3.38793e-06,-0.149132,0.149132,-4.43384e-07,0.988817
1708857850959170,1.36099e-05,-1,-2.30991e-06,0.989942,1.37998e-05,-0.141472,0.141472,-3.61253e-07,0.989942
1708857850969294,1.3124e-05,-1,-2.18437e-06,0.991011,1.32983e-05,-0.133781,0.133781,-4.08991e-07,0.991011
1708857850979338,1.24338e-05,-1,-2.05574e-06,0.992043,1.25937e-05,-0.125902,0.125902,-4.73943e-07,0.992043
1708857850989076,1.2881e-05,-1,-1.92764e-06,0.993007,1.30185e-05,-0.118058,0.118058,-3.93462e-07,0.993007
1708857850999256,1.32435e-05,-1,-1.7983e-06,0.993917,1.3361e-05,-0.110134,0.110134,-3.28795e-07,0.993917
1708857851009293,1.32332e-05,-1,-1.66895e-06,0.994762,1.33345e-05,-0.102214,0.102214,-3.07582e-07,0.994762
1708857851019430,1.33898e-05,-1,-1.53995e-06,0.995543,1.34754e-05,-0.0943118,0.0943118,-2.7027e-07,0.995543
1708857851029044,1.29584e-05,-1,-1.40895e-06,0.99627,1.30316e-05,-0.0862874,0.0862874,-2.85554e-07,0.99627
1708857851039232,1.34483e-05,-1,-1.27986e-06,0.996923,1.35072e-05,-0.0783824,0.0783824,-2.21819e-07,0.996923
1708857851049356,1.27867e-05,-1,-1.15e-06,0.997517,1.2836e-05,-0.0704272,0.0704272,-2.46606e-07,0.997517
1708857851058962,1.26757e-05,-1,-1.01988e-06,0.998047,1.27146e-05,-0.06246,0.06246,-2.26172e-07,0.998047
1708857851069051,1.25275e-05,-1,-8.90623e-07,0.998512,1.25575e-05,-0.0545413,0.0545413,-2.06029e-07,0.998512
1708857851079159,1.2642e-05,-1,-7.60199e-07,0.998916,1.26637e-05,-0.0465536,0.0465536,-1.70844e-07,0.998916
1708857851089317,1.33065e-05,-1,-6.3169e-07,0.999252,1.3321e-05,-0.0386836,0.0386836,-1.16474e-07,0.999252
1708857851099393,1.30593e-05,-1,-5.02513e-07,0.999526,1.30686e-05,-0.030771,0.030771,-1.00427e-07,0.999526
1708857851109513,1.24156e-05,-1,-3.73698e-07,0.999738,1.24209e-05,-0.0228833,0.0228833,-8.94895e-08,0.999738
1708857851119247,1.255e-05,-1,-2.45874e-07,0.999887,1.25523e-05,-0.0150535,0.0150535,-5.6925e-08,0.999887
1708857851129458,1.30666e-05,-1,-1.16936e-07,0.999974,1.30671e-05,-0.00715686,0.00715686,-2.34165e-08,0.999974
1708857851138989,1.39539e-05,-1,9.90739e-09,1,1.39539e-05,0.000607121,-0.000607121,1.4357e-09,1
1708857851149116,1.3414e-05,-1,1.3733e-07,0.999965,1.34147e-05,0.00840846,-0.00840846,2.45344e-08,0.999965
1708857851159221,1.26096e-05,-1,2.64215e-07,0.999869,1.26122e-05,0.0161698,-0.0161698,6.02863e-08,0.999869
1708857851169556,1.2643e-05,-1,3.90327e-07,0.999715,1.26487e-05,0.023883,-0.023883,8.82631e-08,0.999715
1708857851179078,1.32027e-05,-1,5.18273e-07,0.999497,1.32125e-05,0.0317198,-0.0317198,9.92259e-08,0.999497
1708857851189331,1.34858e-05,-1,6.44497e-07,0.999222,1.35007e-05,0.0394481,-0.0394481,1.12006e-07,0.999222
1708857851199138,1.31207e-05,-1,7.71726e-07,0.998884,1.31426e-05,0.0472412,-0.0472412,1.51025e-07,0.998884
1708857851209395,1.29106e-05,-1,8.99005e-07,0.998485,1.29405e-05,0.0550319,-0.0550319,1.8715e-07,0.998485
1708857851218982,1.27712e-05,-1,1.02535e-06,0.998028,1.28103e-05,0.0627664,-0.0627664,2.21724e-07,0.998028
1708857851229075,1.30982e-05,-1,1.15347e-06,0.997503,1.3147e-05,0.0706181,-0.0706181,2.25621e-07,0.997503
1708857851239218,1.35921e-05,-1,1.28022e-06,0.996923,1.36506e-05,0.078383,-0.078383,2.1089e-07,0.996923
1708857851249456,1.3174e-05,-1,1.40785e-06,0.996278,1.32463e-05,0.0862026,-0.0862026,2.66976e-07,0.996278
1708857851259135,1.28748e-05,-1,1.5357e-06,0.995569,1.29622e-05,0.0940338,-0.0940338,3.18223e-07,0.995569
1708857851269287,1.23831e-05,-1,1.66259e-06,0.994804,1.2488e-05,0.101808,-0.101808,3.9326e-07,0.994804
1708857851279040,1.27769e-05,-1,1.79066e-06,0.993969,1.28963e-05,0.109657,-0.109657,3.78782e-07,0.993969
1708857851289048,1.33016e-05,-1,1.91734e-06,0.993083,1.34347e-05,0.117415,-0.117415,3.42258e-07,0.993083
1708857851298984,1.29626e-05,-1,2.045e-06,0.992126,1.31166e-05,0.125241,-0.125241,4.0546e-07,0.992126
1708857851309161,1.34971e-05,-1,2.17254e-06,0.991109,1.36662e-05,0.133055,-0.133055,3.57359e-07,0.991109
1708857851319280,1.22094e-05,-1,2.29945e-06,0.990034,1.24115e-05,0.140832,-0.140832,5.57063e-07,0.990034
1708857851329389,1.30413e-05,-1,2.42816e-06,0.988878,1.32574e-05,0.148729,-0.148729,4.61528e-07,0.988878
1708857851339019,1.34052e-05,-1,2.55525e-06,0.987676,1.36399e-05,0.156515,-0.156515,4.25654e-07,0.987676
1708857851349140,1.32046e-05,-1,2.68326e-06,0.986401,1.3466e-05,0.164358,-0.164358,4.76492e-07,0.986401
1708857851359276,1.31826e-05,-1,2.81193e-06,0.985055,1.34699e-05,0.172242,-0.172242,4.99313e-07,0.985055
1708857851368986,1.2261e-05,-1,2.93943e-06,0.983657,1.25898e-05,0.180054,-0.180054,6.83753e-07,0.983657
1708857851379140,1.24887e-05,-1,3.06804e-06,0.982182,1.28427e-05,0.187934,-0.187934,6.6633e-07,0.982182
1708857851389423,1.27873e-05,-1,3.19504e-06,0.980662,1.31653e-05,0.195712,-0.195712,6.3063e-07,0.980662
1708857851399078,1.32527e-05,-1,3.32219e-06,0.979075,1.36515e-05,0.203499,-0.203499,5.55758e-07,0.979075
1708857851409092,1.29502e-05,-1,3.44911e-06,0.977426,1.33866e-05,0.211276,-0.211276,6.35188e-07,0.977426
1708857851419184,1.20717e-05,-1,3.57433e-06,0.975736,1.25614e-05,0.21895,-0.21895,8.44497e-07,0.975736
1708857851429005,1.24744e-05,-1,3.70047e-06,0.97397,1.29885e-05,0.226677,-0.226677,7.76496e-07,0.97397
1708857851439132,1.34037e-05,-1,3.82446e-06,0.972173,1.39267e-05,0.234265,-0.234265,5.7801e-07,0.972173
1708857851449236,1.2822e-05,-1,3.94835e-06,0.970312,1.33963e-05,0.241857,-0.241857,7.30046e-07,0.970312
1708857851459379,1.25272e-05,-1,4.07148e-06,0.968401,1.31468e-05,0.249398,-0.249398,8.18548e-07,0.968401
1708857851469199,1.15366e-05,-1,4.19335e-06,0.966447,1.22267e-05,0.256867,-0.256867,1.08927e-06,0.966447
1708857851479373,1.21744e-05,-1,4.31679e-06,0.964406,1.28825e-05,0.264425,-0.264425,9.43931e-07,0.964406
1708857851488989,1.27997e-05,-1,4.43824e-06,0.962338,1.35242e-05,0.271857,-0.271857,7.91407e-07,0.962338
1708857851499484,1.2561e-05,-1,4.5602e-06,0.960196,1.33348e-05,0.279328,-0.279328,8.70044e-07,0.960196
1708857851509148,1.20457e-05,-1,4.68194e-06,0.957996,1.28824e-05,0.286781,-0.286781,1.03081e-06,0.957996
1708857851519282,1.12423e-05,-1,4.80221e-06,0.955762,1.21575e-05,0.294141,-0.294141,1.28295e-06,0.955762
1708857851529040,1.19831e-05,-1,4.92438e-06,0.953427,1.29103e-05,0.301623,-0.301623,1.08067e-06,0.953427
1708857851539133,1.24358e-05,-1,5.04494e-06,0.951061,1.33861e-05,0.309002,-0.309002,9.55366e-07,0.951061
1708857851549430,1.26356e-05,-1,5.16623e-06,0.948615,1.36211e-05,0.316433,-0.316433,9.02441e-07,0.948615
1708857851559022,1.21632e-05,-1,5.28756e-06,0.946104,1.32201e-05,0.323862,-0.323862,1.06338e-06,0.946104
1708857851569317,1.14026e-05,-1,5.40747e-06,0.943561,1.255e-05,0.331199,-0.331199,1.32574e-06,0.943561
1708857851579112,1.1695e-05,-1,5.5292e-06,0.940912,1.28764e-05,0.338651,-0.338651,1.24197e-06,0.940912
1708857851589414,1.23225e-05,-1,5.64904e-06,0.938241,1.35159e-05,0.345982,-0.345982,1.03681e-06,0.938241
1708857851599210,1.25533e-05,-1,5.76903e-06,0.935498,1.37819e-05,0.353331,-0.353331,9.61462e-07,0.935498
1708857851609371,1.23038e-05,-1,5.88894e-06,0.932694,1.35996e-05,0.360669,-0.360669,1.05498e-06,0.932694
1708857851618998,1.0975e-05,-1,6.00782e-06,0.92985,1.24157e-05,0.36794,-0.36794,1.54822e-06,0.92985
1708857851628981,1.13225e-05,-1,6.12784e-06,0.926905,1.27946e-05,0.375295,-0.375295,1.43066e-06,0.926905
1708857851639192,1.25801e-05,-1,6.24635e-06,0.923933,1.40128e-05,0.382555,-0.382555,9.58607e-07,0.923933
1708857851649406,1.21349e-05,-1,6.36517e-06,0.920885,1.36562e-05,0.389835,-0.389835,1.13098e-06,0.920885
1708857851659030,1.15808e-05,-1,6.48387e-06,0.917775,1.32033e-05,0.397101,-0.397101,1.35198e-06,0.917775
1708857851669350,1.11341e-05,-1,6.60114e-06,0.914636,1.28523e-05,0.404278,-0.404278,1.53639e-06,0.914636
1708857851678996,1.0889e-05,-1,6.72021e-06,0.911377,1.26899e-05,0.411572,-0.411572,1.64302e-06,0.911377
1708857851689216,1.1794e-05,-1,6.83795e-06,0.908082,1.35736e-05,0.418792,-0.418792,1.27021e-06,0.908082
1708857851699569,-3.73565e-05,-1,-1.00836e-05,0.904718,-3.80928e-05,0.426012,-0.426012,6.79145e-06,0.904718
1708857851709369,-1.39875e-05,-1,-1.59555e-06,0.901017,-1.32951e-05,0.433783,-0.433783,4.62991e-06,0.901017
1708857851719309,-1.49711e-06,-1,2.78474e-06,0.897992,-1.19072e-07,0.440013,-0.440013,3.15942e-06,0.897992
1708857851729006,-3.66385e-06,-1,2.82814e-06,0.894589,-2.01377e-06,0.44689,-0.44689,4.16736e-06,0.894589
1708857851739496,-8.82777e-07,-1,2.87293e-06,0.890925,5.18251e-07,0.45415,-0.45415,2.96048e-06,0.890925
1708857851749128,5.68633e-07,-1,2.91714e-06,0.887334,1.84974e-06,0.461126,-0.461126,2.32627e-06,0.887334
1708857851759353,5.56981e-07,-1,2.96183e-06,0.883617,1.87892e-06,0.468211,-0.468211,2.35634e-06,0.883617
1708857851769221,-1.9593e-06,-1,3.00582e-06,0.879886,-2.95641e-07,0.475186,-0.475186,3.57581e-06,0.879886
1708857851779521,-1.22824e-06,-1,3.04983e-06,0.876098,3.94368e-07,0.482134,-0.482134,3.26412e-06,0.876098
1708857851789052,1.79261e-08,-1,3.0933e-06,0.872291,1.52822e-06,0.488987,-0.488987,2.6895e-06,0.872291
1708857851799324,-5.45939e-07,-1,3.13688e-06,0.868386,1.08146e-06,0.495889,-0.495889,2.99475e-06,0.868386
1708857851809407,-1.18217e-06,-1,3.18034e-06,0.864428,5.77036e-07,0.502757,-0.502757,3.34352e-06,0.864428
1708857851819060,-1.41107e-06,-1,3.22296e-06,0.860468,4.27928e-07,0.509504,-0.509504,3.4922e-06,0.860468
1708857851829313,-1.14941e-06,-1,3.26637e-06,0.856365,7.02348e-07,0.516371,-0.516371,3.39072e-06,0.856365
1708857851839574,-3.9603e-07,-1,3.30883e-06,0.852297,1.39317e-06,0.523058,-0.523058,3.02725e-06,0.852297
1708857851849225,-1.15328e-06,-1,3.35092e-06,0.84817,7.96883e-07,0.529723,-0.529723,3.45307e-06,0.84817
1708857851859527,-1.37159e-06,-1,3.39329e-06,0.843955,6.62648e-07,0.536414,-0.536414,3.59952e-06,0.843955
1708857851869355,-9.78492e-07,-1,3.43451e-06,0.839793,1.04289e-06,0.542907,-0.542907,3.41551e-06,0.839793
1708857851879049,-1.42513e-06,-1,3.47621e-06,0.835492,7.19502e-07,0.549503,-0.549503,3.68746e-06,0.835492
1708857851889368,-8.59774e-08,-1,3.51728e-06,0.831214,1.88397e-06,0.555952,-0.555952,2.97141e-06,0.831214
1708857851899322,-9.04384e-07,-1,3.55791e-06,0.826876,1.2531e-06,0.562384,-0.562384,3.45056e-06,0.826876
1708857851909169,-1.50764e-06,-1,3.59882e-06,0.822451,8.07176e-07,0.568837,-0.568837,3.81745e-06,0.822451
1708857851919022,-1.05789e-05,-1,-2.11255e-06,0.818054,-9.86911e-06,0.575142,-0.575142,4.35618e-06,0.818054
1708857851929236,-9.48362e-06,-1,-2.13611e-06,0.813512,-8.95729e-06,0.581548,-0.581548,3.77743e-06,0.813512
1708857851939008,-8.48431e-06,-1,-2.15907e-06,0.808983,-8.13284e-06,0.587832,-0.587832,3.24069e-06,0.808983
1708857851949062,-8.8029e-06,-1,-2.18222e-06,0.804386,-8.3774e-06,0.594108,-0.594108,3.47453e-06,0.804386
1708857851959283,-9.16931e-06,-1,-2.20527e-06,0.7997,-8.65674e-06,0.6004,-0.6004,3.7417e-06,0.7997
1708857851969466,-1.01947e-05,-1,-2.2278e-06,0.795036,-9.45644e-06,0.606563,-0.606563,4.41253e-06,0.795036
1708857851979111,-9.12257e-06,-1,-2.25073e-06,0.790248,-8.58831e-06,0.612787,-0.612787,3.81156e-06,0.790248
1708857851989336,-8.58973e-06,-1,-2.27309e-06,0.785463,-8.15375e-06,0.618908,-0.618908,3.53082e-06,0.785463
1708857851999038,-8.78745e-06,-1,-2.29573e-06,0.780596,-8.29436e-06,0.625036,-0.625036,3.70043e-06,0.780596
1708857852009186,-8.97303e-06,-1,-2.31812e-06,0.775669,-8.42316e-06,0.63114,-0.63114,3.86515e-06,0.775669
1708857852019348,-9.57832e-06,-1,-2.34011e-06,0.770744,-8.87342e-06,0.637145,-0.637145,4.29916e-06,0.770744
1708857852029038,-8.91254e-06,-1,-2.36248e-06,0.765676,-8.34373e-06,0.643226,-0.643226,3.92388e-06,0.765676
1708857852039225,-8.92967e-06,-1,-2.38444e-06,0.760592,-8.33989e-06,0.64923,-0.64923,3.98382e-06,0.760592
1708857852049041,-9.04259e-06,-1,-2.40664e-06,0.755421,-8.40789e-06,0.65524,-0.65524,4.10705e-06,0.755421
1708857852059272,-8.84363e-06,-1,-2.42856e-06,0.750194,-8.24025e-06,0.661218,-0.661218,4.02567e-06,0.750194
1708857852069125,-9.48362e-06,-1,-2.45016e-06,0.744963,-8.69947e-06,0.667105,-0.667105,4.50129e-06,0.744963
1708857852079196,-9.37994e-06,-1,-2.47206e-06,0.739591,-8.60116e-06,0.673056,-0.673056,4.48492e-06,0.739591
1708857852089403,-8.96486e-06,-1,-2.49331e-06,0.734259,-8.27516e-06,0.67887,-0.67887,4.25524e-06,0.734259
1708857852099064,-8.94499e-06,-1,-2.51474e-06,0.728849,-8.24133e-06,0.684674,-0.684674,4.29154e-06,0.728849
1708857852109414,-8.93699e-06,-1,-2.5359e-06,0.723393,-8.21583e-06,0.690437,-0.690437,4.33597e-06,0.723393
1708857852119123,-8.91703e-06,-1,-2.5567e-06,0.71796,-8.18175e-06,0.696084,-0.696084,4.3714e-06,0.71796
1708857852129330,-8.93253e-06,-1,-2.5775e-06,0.712424,-8.17251e-06,0.701749,-0.701749,4.43212e-06,0.712424
1708857852139539,-8.49291e-06,-1,-2.59768e-06,0.706933,-7.84121e-06,0.70728,-0.70728,4.17048e-06,0.706933
1708857852149297,-8.47239e-06,-1,-2.61818e-06,0.701346,-7.80837e-06,0.712821,-0.712821,4.20305e-06,0.701346
1708857852159514,-9.12297e-06,-1,-2.63831e-06,0.695719,-8.24216e-06,0.718314,-0.718314,4.71763e-06,0.695719
1708857852169146,-8.6708e-06,-1,-2.65812e-06,0.690118,-7.90755e-06,0.723697,-0.723697,4.44062e-06,0.690118
1708857852179050,-8.93738e-06,-1,-2.67806e-06,0.684385,-8.06924e-06,0.729121,-0.729121,4.6836e-06,0.684385
1708857852189113,-8.67682e-06,-1,-2.69736e-06,0.678696,-7.86992e-06,0.734419,-0.734419,4.54173e-06,0.678696
